3.154214
3.805979
3.848894
3.1772189
3.2243931
3.2253096
3.3216402
3.4042979
3.4238727
3.4259361
3.4341096
3.5782657
3.6213802
3.6453874
3.7026167
3.7038165
3.7078134
3.7417018
3.7817318
3.7869648
3.7944214
3.8268526
3.8723551
3.8932106
3.9529086
3.9888223
3.10100853
3.10650351
3.11726418
3.12546761
3.12668942
3.12880925
3.13564154
3.13725708
3.13749101
3.14159399
3.14444190
3.14508331
3.14634696
3.15061275
3.15079634
3.16481172
3.17827104
3.17831051
3.18124343
3.18267900
3.18354228
3.18919756
3.18990181
3.19170492
3.19320876
3.19553948
3.19609104
3.19821831
3.20116994
3.20230169
3.21016953
3.21805393
3.21934894
3.22660115
3.22803595
3.23124952
3.23172760
3.23543766
3.23765978
3.24865893
3.24980638
3.25023982
3.25387375
3.25892344
3.25943025
3.26091376
3.26161098
3.26193758
3.26468584
3.26913541
3.27114024
3.27318015
3.28789098
3.28883870
3.29195211
3.29313894
3.30090099
3.30241319
3.30380094
3.30396147
3.30694079
3.30969392
3.31317162
3.31322536
3.31356484
3.31507552
3.31816738
3.31870787
3.31886830
3.31955468
3.32154055
3.32690019
3.32773601
3.33056349
3.33872322
3.34062812
3.34423360
3.35155330
3.35268332
3.35268533
3.35817149
3.35905265
3.36257107
3.36884136
3.37080324
3.37192000
3.37584218
3.38949281
3.39423883
3.39667958
3.39975552
3.39980395
3.40008710
3.40268635
3.40815958
3.41714561
3.41799554
3.42031932
3.42154497
3.42187164
3.43872176
3.44121499
3.44273514
3.44317048
3.44404515
3.44710681
3.44740575
3.45151536
3.46172746
3.46213460
3.47047742
3.47758653
3.47990961
3.48305937
3.48461912
3.49881288
3.49928121
3.50020092
3.50163979
3.50179557
3.50253751
3.50665532
3.50768071
3.50928992
3.51015421
3.51118079
3.51710217
3.51865895
3.52292034
3.52350873
3.52360308
3.52431363
3.53305739
3.54091282
3.54633971
3.54709110
3.54982221
3.55044194
3.55260983
3.56013066
3.56258833
3.56288897
3.56366094
3.56533871
3.56575209
3.57278728
3.57411327
3.57935953
3.58981759
3.59012207
3.59229264
3.59371609
3.59638753
3.60070661
3.60098580
3.60285835
3.60664226
3.61012753
3.61333849
3.61468033
3.61510014
3.61735620
3.62112941
3.62538044
3.62638955
3.62954618
3.63215018
3.63614018
3.64111069
3.64237472
3.64262918
3.64449386
3.64704103
3.65036706
3.65429424
3.65435842
3.65732493
3.66478571
3.66741521
3.67249962
3.67726430
3.68110805
3.68670048
3.68715232
3.69214678
3.69236732
3.69242308
3.69286467
3.69324969
3.69788917
3.70224584
3.70452286
3.71044770
3.71212142
3.71362835
3.71410323
3.71482501
3.72402784
3.72853125
3.73108293
3.74067622
3.74081844
3.74337496
3.74469008
3.75038686
3.75101599
3.75581166
3.75886150
3.76004821
3.76402189
3.76482939
3.76807087
3.77206666
3.77437749
3.77582675
3.77780662
3.78031941
3.78271319
3.79912759
3.80562169
3.80727247
3.81067366
3.81103274
3.81203489
3.81944229
3.81976214
3.81980835
3.82551848
3.83339808
3.83572203
3.83837445
3.84148630
3.84486412
3.84750508
3.84766632
3.84803843
3.84970966
3.85327112
3.85904209
3.85963912
3.86100795
3.86179965
3.86776328
3.87119330
3.87364267
3.87735801
3.87933637
3.88080342
3.88600323
3.88742049
3.89044226
3.89086195
3.89158791
3.89200820
3.89206690
3.89423219
3.89475908
3.89553904
3.89797885
3.90031425
3.90063803
3.90349271
3.90752123
3.91066547
3.91481510
3.92769878
3.92951488
3.93271800
3.93761604
3.94326592
3.94788993
3.94821404
3.94980607
3.95429542
3.95590026
3.95747034
3.96197707
3.96278461
3.96305420
3.96329760
3.96715343
3.96819978
3.96923756
3.97385655
3.97412869
3.98064740
3.98142401
3.99336401
3.99565886
3.99952793
3.99993026
3.100281719
3.100799140
3.101521838
3.101693259
3.101720289
3.101949019
3.102341002
3.102954355
3.103425500
3.103682883
3.104118227
3.104213672
3.104403703
3.104409231
3.104518847
3.104628227
3.104911326
3.105000493
3.105909133
3.105950374
3.106248024
3.106278659
3.107097468
3.107464535
3.108179554
3.108563351
3.109104083
3.109128802
3.109129770
3.110522889
3.110600039
3.111266622
3.111384303
3.111537262
3.111930988
3.112099293
3.112603947
3.113118450
3.113280468
3.114857600
3.115291141
3.115395422
3.115748934
3.116293470
3.116676820
3.116803673
3.117005480
3.117349487
3.118532124
3.118704105
3.118726875
3.118743468
3.118902316
3.118932488
3.119204434
3.119275261
3.119320923
3.120031168
3.120265553
3.120316102
3.120571150
3.120855355
3.120862253
3.120867107
3.121180021
3.121182789
3.121210377
3.121313125
3.121969042
3.122349340
3.123010110
3.123067902
3.123152429
3.124546508
3.124696721
3.124733681
3.124821586
3.124897273
3.125223825
3.125266783
3.125407244
3.125451287
3.125768866
3.125881018
3.126124261
3.126270932
3.126588863
3.126688257
3.126707278
3.126750090
3.127003981
3.127103217
3.127114206
3.127132438
3.127172018
3.127568244
3.128252146
3.128333798
3.128801463
3.129000421
3.129048799
3.129501013
3.129651041
3.129676997
3.129694668
3.129773129
3.130079699
3.130267359
3.130656162
3.131251734
3.131270524
3.131396111
3.132024517
3.132195255
3.132435469
3.132545665
3.132806649
3.132857066
3.133301382
3.133543685
3.133679746
3.133767107
3.134644146
3.136423108
3.137549599
3.139069612
3.139434146
3.139474651
3.139513909
3.139607662
3.140200643
3.140398505
3.140528241
3.141084874
3.141729065
3.142551321
3.142658884
3.142694583
3.143210267
3.143292309
3.144617471
3.145165786
3.145265653
3.145392944
3.145785383
3.145918418
3.146164411
3.146687426
3.146806815
3.147340382
3.147553883
3.147896693
3.147937618
3.148521098
3.149216991
3.149308792
3.150260987
3.150328885
3.150581148
3.150979620
3.151094544
3.151509037
3.151684010
3.152446739
3.152613099
3.152764513
3.153110558
3.153306176
3.153361411
3.153432126
3.153481574
3.153845724
3.154224929
3.154676468
3.155372181
3.155607066
3.155973557
3.156034193
3.156242126
3.156858776
3.157200285
3.157912339
3.159035734
3.159111169
3.159621324
3.159794549
3.159984706
3.160089437
3.160171296
3.160205182
3.160300562
3.160649866
3.160734475
3.161135441
3.161140706
3.161170481
3.161407654
3.161587682
3.162272335
3.162369851
3.162484568
3.162684303
3.162698252
3.163374358
3.163809085
3.163820202
3.163851717
3.163973848
3.164891419
3.165046249
3.165348268
3.165441532
3.165920458
3.166309589
3.166419827
3.166830478
3.167337317
3.167348840
3.167476463
3.167744673
3.167802233
3.168053245
3.168638213
3.168936323
3.168955513
3.169130090
3.169306841
3.169749277
3.169809124
3.169816887
3.170491718
3.170715038
3.170903829
3.171136681
3.171470873
3.171567857
3.171673003
3.171862950
3.172293298
3.172458577
3.172500234
3.172884683
3.173010553
3.173383039
3.173787356
3.174084783
3.174279410
3.174457240
3.174614558
3.174699332
3.174999762
3.175114390
3.175352531
3.175743887
3.176078808
3.176133514
3.176555933
3.176587490
3.176794730
3.177747291
3.178202248
3.178402318
3.178507392
3.178943057
3.179045747
3.179362229
3.179988358
3.180314793
3.180502551
3.180689325
3.181326007
3.181786677
3.181870029
3.182170936
3.182192966
3.182203013
3.182941777
3.183159435
3.183170396
3.183470983
3.184315074
3.184550026
3.184666624
3.184971130
3.185274618
3.185649350
3.186299069
3.186711834
3.186885269
3.187023689
3.187137135
3.187435633
3.187531907
3.188153900
3.188349842
3.188537260
3.188576433
3.189060223
3.190567244
3.190867203
3.191098760
3.191530906
3.192319014
3.192683180
3.193379122
3.193499961
3.193843682
3.194430131
3.194976412
3.195415256
3.195527405
3.195561062
3.195573389
3.197167677
3.197291555
3.197585168
3.197613375
3.197845373
3.198191835
3.198264794
3.198619446
3.198747023
3.198805027
3.199480133
3.199592803
3.199621298
3.199724546
3.199961634
3.201629923
3.201926974
3.202484559
3.203701708
3.203755215
3.203836131
3.204411297
3.204699725
3.204930849
3.205118636
3.205693489
3.206946220
3.207493549
3.207884076
3.208396253
3.208656580
3.208870437
3.209180674
3.209601012
3.210146564
3.210574911
3.211102880
3.211110324
3.211315648
3.211545657
3.212068743
3.212844886
3.212874632
3.213794986
3.213911911
3.214032130
3.214347463
3.214637345
3.215335638
3.215496948
3.216210482
3.216462448
3.216735556
3.216777586
3.216821696
3.216983761
3.218163677
3.218358943
3.218398003
3.218563730
3.218831868
3.218964890
3.219311264
3.219319871
3.219606733
3.219784885
3.219809598
3.219865691
3.219883622
3.219996733
3.220001038
3.220132157
3.220148366
3.220492823
3.220770918
3.221201336
3.221427702
3.221438216
3.221638391
3.221754031
3.221784490
3.222174294
3.222231847
3.222487679
3.222913658
3.223937500
3.224061380
3.224602910
3.224612275
3.224721131
3.225245846
3.225283504
3.225714567
3.226267637
3.226549621
3.226634056
3.226885605
3.227031561
3.227272462
3.227342947
3.227420110
3.228654803
3.229102123
3.229829766
3.230321030
3.231247239
3.231692655
3.231907954
3.231962521
3.232418610
3.232461760
3.232722328
3.232928949
3.233483406
3.233693623
3.233908754
3.234447036
3.234638003
3.234748987
3.234910463
3.235276646
3.235540174
3.236804587
3.236812394
3.237188839
3.237272569
3.237284614
3.237317465
3.237565243
3.237899079
3.238660331
3.239237598
3.239543859
3.240268555
3.240609745
3.240719464
3.240987010
3.241198721
3.241327602
3.241623612
3.242052716
3.242089479
3.242358690
3.242909751
3.243502491
3.243749912
3.244751638
3.245482946
3.245770442
3.246378416
3.246450153
3.246833503
3.247166188
3.247262140
3.247499514
3.247792754
3.247903361
3.247947135
3.249285373
3.249573899
3.249738663
3.250150925
3.250625035
3.250665823
3.250820496
3.251128868
3.251274873
3.251434404
3.251808525
3.251878192
3.252148389
3.252256638
3.252519666
3.253081155
3.253256613
3.253675155
3.253748964
3.253937592
3.253960339
3.254277390
3.254433032
3.254714428
3.254821541
3.255680406
3.255750334
3.255850637
3.255959611
3.256029730
3.256092411
3.256195196
3.256457979
3.257462134
3.257569414
3.257730961
3.257755537
3.257926756
3.258727967
3.258914015
3.259205115
3.259620290
3.259821725
3.259867751
3.259895044
3.259896689
3.260002003
3.260367709
3.260368272
3.260481391
3.260618194
3.261181785
3.261274109
3.261867399
3.261987555
3.262112363
3.262234445
3.262490986
3.262546678
3.262689208
3.262812633
3.262891813
3.262911478
3.263423398
3.263783017
3.263828313
3.264057686
3.264572072
3.264628294
3.264674925
3.265024268
3.265168972
3.265235906
3.266102796
3.266135861
3.266206606
3.267145551
3.267445876
3.267608555
3.267904446
3.268697017
3.269325583
3.269884600
3.270640940
3.270675729
3.270792777
3.271162198
3.271609034
3.271873953
3.272034774
3.272236824
3.272275999
3.272993336
3.273280966
3.274551138
3.274843832
3.275112699
3.275344325
3.275837000
3.276369597
3.277372896
3.277519763
3.277594228
3.277750372
3.277947807
3.278330319
3.278566435
3.278671544
3.278761826
3.279400983
3.279894732
3.280035788
3.280052588
3.280690088
3.281586077
3.281843814
3.282208182
3.282644905
3.282681924
3.282804193
3.282963320
3.283539119
3.283703154
3.284029568
3.284050262
3.284450764
3.284535538
3.284679841
3.284748776
3.284784030
3.285519498
3.285545318
3.285599769
3.286681329
3.287212669
3.287298838
3.287623062
3.287844606
3.287941999
3.287999229
3.288528543
3.288671264
3.288691973
3.288738387
3.288860806
3.288905697
3.289240151
3.289300962
3.289494846
3.289910361
3.290061152
3.290821203
3.291208629
3.291275956
3.291334827
3.291821375
3.291831977
3.291972135
3.291979664
3.292522289
3.292781528
3.292812010
3.293222809
3.294168774
3.294220605
3.294512257
3.295384462
3.296740363
3.297107403
3.297431612
3.297625344
3.298276043
3.298486224
3.298679484
3.299139550
3.299171566
3.300061182
3.300199262
3.300917975
3.301026736
3.301247477
3.301316573
3.302583455
3.302662377
3.302866062
3.303131903
3.303143404
3.304589000
3.304752159
3.304771456
3.305297697
3.305515799
3.305714894
3.306505365
3.306594292
3.307302977
3.307448287
3.307677659
3.307861587
3.308032377
3.308286594
3.308659110
3.308687067
3.309555900
3.309573101
3.309590700
3.310259059
3.310824167
3.311813729
3.311963587
3.312152044
3.313169564
3.313215627
3.313447139
3.313479496
3.313593957
3.313732247
3.314090337
3.314106160
3.314263277
3.314318062
3.314423478
3.315096977
3.315342806
3.315997772
3.316019890
3.317108168
3.317296936
3.317352222
3.317373560
3.317592918
3.317781721
3.317804368
3.318426445
3.318489788
3.319859660
3.320781811
3.320851291
3.320930124
3.321813118
3.321949582
3.322356193
3.322372388
3.322509744
3.323104387
3.323137308
3.323219924
3.323369417
3.323468250
3.323995897
3.324000720
3.324500406
3.324894802
3.324944174
3.325290980
3.325421485
3.325569594
3.325792873
3.325852252
3.326074117
3.326118346
3.327369637
3.327504110
3.327548204
3.328365729
3.328375643
3.328380813
3.328820250
3.328860493
3.328965845
3.329571798
3.329573608
3.330010645
3.330041659
3.330294143
3.330709262
3.330752261
3.331553945
3.331651633
3.331993641
3.332048767
3.332139310
3.332351659
3.332712454
3.333199219
3.333956456
3.334339123
3.334394376
3.334846139
3.335392240
3.335816715
3.335824417
3.336720836
3.337498316
3.337657744
3.338250438
3.339236233
3.339735223
3.339892667
3.339960034
3.340975094
3.341526512
3.341849321
3.342437795
3.342631930
3.343605297
3.343962677
3.344052106
3.346176739
3.346403528
3.346422634
3.347068670
3.347412128
3.347858266
3.347977116
3.348203180
3.349381273
3.349387919
3.349517662
3.349961492
3.350597424
3.350599748
3.350874093
3.350938722
3.351719510
3.352602750
3.352696121
3.352729430
3.352747370
3.352943955
3.354949514
3.354981822
3.355292211
3.355756645
3.355895049
3.356077464
3.356528176
3.356620195
3.357149325
3.358176171
3.359340837
3.359622060
3.359810378
3.360423548
3.360857271
3.362143920
3.362450969
3.363318016
3.363666782
3.363765221
3.363982250
3.364540860
3.364555205
3.364622133
3.364966213
3.365071958
3.365505991
3.366096652
3.366461345
3.366648467
3.367030501
3.367045470
3.367087519
3.367134445
3.367163966
3.367877138
3.368062659
3.368260250
3.368332160
3.368650923
3.368799919
3.369408554
3.369585320
3.369589959
3.369604970
3.369932699
3.370265596
3.370988406
3.371038564
3.371075524
3.371565629
3.372284970
3.373100767
3.373715340
3.373858309
3.373938357
3.374121861
3.374156365
3.374294172
3.374329387
3.374569584
3.374698048
3.374805887
3.375658297
3.376384260
3.376808279
3.377006705
3.377011895
3.377152899
3.378001485
3.378136388
3.379110832
3.379164244
3.379292921
3.379601111
3.379608752
3.379881834
3.380486835
3.381221308
3.381713022
3.381741323
3.381794178
3.381813796
3.382164759
3.382411311
3.382583550
3.382967404
3.383262853
3.383640415
3.383832625
3.384097139
3.384267627
3.384708660
3.384766404
3.384792288
3.386504995
3.386563615
3.387383840
3.387549456
3.387568050
3.387583505
3.387764107
3.387943656
3.388160159
3.388607728
3.389866025
3.390484337
3.390563397
3.391132998
3.392256150
3.392416734
3.392656558
3.393329463
3.393678989
3.393985802
3.393997907
3.394103972
3.394144780
3.394251114
3.394423978
3.394427498
3.395242518
3.395279966
3.395591010
3.396141912
3.396178590
3.396394641
3.396533721
3.396602691
3.396625137
3.396864874
3.397214220
3.397342750
3.397731662
3.398034904
3.398528377
3.399128509
3.399241270
3.399569197
3.400083581
3.401028202
3.401350063
3.401448464
3.402071345
3.402110121
3.402131896
3.402517108
3.402647270
3.402734498
3.402941461
3.403715009
3.404288172
3.404392076
3.404961069
3.404977207
3.405067340
3.405279656
3.405638191
3.405782265
3.405792290
3.405907755
3.406028576
3.406279236
3.406281143
3.406426423
3.406447608
3.406657581
3.406962477
3.407086044
3.407122340
3.407541487
3.407658070
3.407740999
3.408128844
3.408507017
3.409415114
3.409416990
3.409688215
3.409808257
3.411171289
3.411400586
3.411456309
3.411590087
3.412246505
3.412310979
3.412510770
3.412547255
3.413807693
3.414633980
3.414810748
3.415175231
3.415510349
3.416470385
3.416815406
3.416873112
3.416911753
3.417024418
3.417199700
3.418248509
3.418473863
3.418476105
3.418872249
3.419520357
3.419782007
3.419845906
3.420088000
3.420251422
3.420255464
3.420596635
3.421045976
3.422502766
3.422964254
3.423251584
3.423465693
3.423728311
3.424025095
3.424830658
3.425046170
3.425853256
3.425902355
3.426114608
3.426162853
3.426203072
3.426287099
3.426549988
3.426718077
3.426826625
3.427074377
3.427118404
3.428988536
3.429425877
3.429619326
3.429650045
3.430025655
3.430278645
3.430616497
3.430769098
3.431465049
3.431691004
3.431988783
3.432519798
3.432802466
3.432858120
3.432911219
3.432937079
3.433524010
3.433786139
3.434350125
3.434619099
3.434735442
3.434906761
3.435103879
3.435327010
3.435509855
3.435611756
3.435779127
3.435798077
3.435831033
3.436147077
3.436303206
3.436353686
3.436373862
3.437069397
3.437247607
3.437614025
3.438040411
3.438231133
3.438676913
3.438800426
3.439007390
3.439111306
3.439120550
3.439455473
3.440373441
3.440477632
3.440487206
3.440658515
3.441781228
3.442027494
3.442219319
3.442387601
3.442572232
3.443035755
3.443981068
3.444283319
3.444286402
3.444315323
3.444608990
3.445150507
3.445277574
3.445382431
3.445654895
3.445728440
3.445831203
3.445912391
3.446006080
3.446224869
3.446447559
3.446683170
3.446855702
3.447044408
3.447510517
3.448041925
3.448129769
3.448243494
3.449158582
3.449363125
3.449697280
3.449840867
3.450026775
3.451051111
3.451343808
3.451748231
3.451864184
3.452000324
3.452592359
3.453731504
3.453742174
3.453864838
3.454045951
3.454169488
3.454272270
3.454421742
3.454654116
3.454697416
3.455508302
3.455766292
3.455768500
3.455845421
3.455972486
3.456232707
3.456540820
3.456861672
3.457138471
3.457782919
3.457939123
3.458140708
3.458176030
3.458210990
3.458792138
3.458859586
3.458905684
3.459016883
3.459174927
3.459198239
3.459356256
3.459956179
3.460054438
3.460173793
3.460238694
3.460253969
3.460376972
3.460639623
3.460949051
3.461015236
3.461227421
3.461602053
3.462201095
3.462469721
3.462518747
3.462727980
3.462728256
3.462867937
3.462920565
3.463046992
3.463309137
3.463488853
3.463897478
3.464073080
3.464633072
3.464787212
3.465102012
3.465231380
3.465491260
3.466056167
3.466083007
3.466671292
3.466825106
3.466916256
3.468213132
3.468553977
3.468763197
3.469105422
3.470244105
3.470487788
3.470833537
3.470933630
3.470941801
3.471115945
3.471189291
3.471795169
3.471799457
3.472277950
3.472364146
3.472483888
3.473184204
3.473333050
3.474386521
3.474538286
3.474907698
3.475636585
3.475927310
3.475995393
3.476103659
3.476893574
3.477125018
3.477638636
3.477655706
3.477919422
3.478025736
3.478267352
3.478485477
3.478700356
3.479224747
3.479703297
3.480179654
3.481022214
3.481059479
3.481552062
3.482126150
3.482344203
3.482501180
3.482848510
3.483363999
3.483370232
3.483688603
3.483774395
3.484383510
3.484641300
3.484720259
3.484842347
3.485099986
3.485498026
3.485548060
3.485572618
3.485960371
3.486151671
3.486231721
3.486552092
3.487025310
3.487168999
3.487478649
3.487653145
3.487951727
3.488092291
3.488632384
3.488970630
3.489057141
3.489533249
3.489568889
3.489617487
3.490315726
3.491307741
3.491422627
3.492124541
3.492840170
3.493079402
3.493219525
3.493466596
3.493495469
3.493508559
3.493632231
3.493782107
3.495711487
3.495760768
3.496273794
3.496328907
3.498222146
3.499545521
3.499922774
3.500103001
3.500508814
3.501100962
3.501333481
3.501404565
3.501411011
3.501688998
3.501750989
3.501799226
3.501959894
3.502315649
3.502435053
3.502492420
3.503006659
3.503221883
3.503412549
3.504620223
3.505380326
3.505386892
3.505512733
3.506242886
3.506382463
3.506622320
3.506806318
3.506896964
3.506913295
3.507366583
3.507545507
3.507648514
3.508884770
3.508917217
3.509186709
3.509285838
3.509354333
3.509782048
3.510313499
3.510612440
3.510705106
3.510787143
3.510821691
3.510885572
3.511226351
3.511461357
3.511474870
3.511998194
3.512409580
3.512829999
3.512917757
3.513057800
3.513611924
3.513770672
3.514113153
3.514387836
3.514396007
3.514528303
3.514651737
3.514652003
3.515053222
3.515062769
3.515828544
3.515949078
3.516080542
3.517118480
3.517565403
3.517695365
3.517971285
3.517976952
3.518003839
3.518527490
3.518985631
3.519089220
3.519988498
3.520048290
3.520177539
3.520653793
3.522098961
3.522163871
3.522431217
3.522715588
3.522784977
3.523535011
3.523601244
3.523811180
3.524220179
3.524243995
3.524541730
3.524567339
3.524724861
3.524755428
3.524769784
3.525106911
3.525421678
3.525434964
3.526615055
3.527551815
3.528464838
3.528577718
3.528662653
3.529074061
3.529597113
3.529990522
3.530265993
3.530754318
3.530922061
3.530982027
3.531271330
3.531572119
3.531576120
3.532423636
3.532643922
3.533720252
3.533747230
3.534125270
3.534274967
3.534482974
3.535336556
3.535704107
3.536242856
3.536742897
3.536769557
3.538192302
3.538977845
3.539757649
3.539840258
3.540355055
3.540503055
3.540920860
3.541234205
3.542101904
3.542348831
3.542662656
3.542748230
3.543574128
3.544692728
3.545925792
3.545925932
3.546049963
3.546669419
3.546717716
3.547118368
3.547279735
3.547428696
3.547743533
3.547974510
3.548132288
3.548262676
3.548740484
3.548976563
3.549363267
3.549551530
3.549873139
3.550316772
3.550509012
3.550570359
3.550754245
3.551546357
3.551699911
3.552187323
3.552190766
3.552566136
3.552893588
3.553434281
3.553478831
3.553875598
3.553935894
3.555470017
3.555477739
3.556353365
3.556648946
3.556668570
3.556804193
3.556955969
3.557150050
3.557286394
3.557328123
3.557397089
3.557879786
3.558300089
3.558526472
3.558610826
3.558814550
3.558827684
3.559098332
3.559241077
3.559337999
3.559380136
3.559657575
3.559768414
3.559963586
3.560139989
3.560290259
3.560372391
3.561087479
3.561481424
3.561618324
3.561916294
3.562086368
3.562248594
3.562741382
3.562986039
3.563077547
3.563330083
3.563558027
3.563700503
3.564055825
3.564726717
3.564860579
3.564922144
3.565041641
3.565443539
3.565459846
3.565637216
3.566423183
3.566822312
3.567356835
3.567913228
3.567967328
3.568369444
3.568480097
3.568548658
3.568641839
3.568803444
3.569492286
3.569709433
3.569864216
3.570810785
3.570893625
3.570966845
3.571198241
3.571381397
3.571550629
3.571720342
3.571819882
3.572033815
3.572130285
3.572376145
3.573699548
3.574214051
3.574248689
3.574269607
3.574330074
3.574534412
3.574660667
3.575113746
3.576148398
3.576222176
3.576914072
3.577177974
3.577273019
3.577360073
3.577452844
3.577894302
3.579053077
3.579440443
3.579846564
3.580358969
3.580779003
3.581235624
3.581281705
3.582263698
3.582296269
3.582360931
3.582517760
3.583282345
3.584409151
3.585240264
3.585342548
3.585569800
3.586714983
3.586867809
3.587117611
3.587213472
3.587327136
3.587881351
3.588169934
3.589223648
3.589858175
3.589944611
3.590060945
3.590193900
3.590232759
3.590353447
3.590501625
3.590674313
3.590866530
3.591158278
3.591915355
3.592309737
3.593452559
3.593792908
3.593923987
3.594233334
3.594640823
3.595131069
3.596167788
3.596178861
3.596269455
3.596410513
3.596706449
3.596803771
3.597007428
3.597403422
3.597464626
3.597535524
3.597697708
3.597704825
3.598075476
3.598158299
3.598293618
3.598497092
3.598828047
3.599627974
3.599696665
3.599998565
3.600090530
3.600223431
3.600284766
3.600827674
3.601544393
3.601811895
3.602421407
3.602627430
3.603193618
3.603249251
3.603427692
3.604253683
3.605082202
3.605108309
3.605150320
3.605194482
3.605366608
3.605763113
3.605791741
3.605875584
3.606305970
3.606886881
3.607252562
3.608358767
3.609182815
3.609421647
3.609880505
3.609958508
3.610045803
3.610173324
3.610212633
3.610775195
3.611574745
3.611665414
3.611802014
3.611968235
3.611974774
3.611977228
3.612126933
3.612134134
3.612279080
3.612922289
3.612995299
3.613399544
3.613418484
3.613650851
3.614130950
3.614937858
3.614973204
3.615215107
3.615321155
3.615331378
3.615382705
3.615482339
3.615500186
3.616017268
3.616121839
3.616175326
3.616240797
3.616715891
3.617651241
3.617839017
3.617912206
3.618335025
3.618558920
3.618652885
3.618983291
3.619765708
3.619888008
3.620079872
3.620112182
3.620317817
3.620505887
3.620701954
3.621336573
3.621855340
3.623149962
3.623164686
3.624154417
3.624349984
3.624420212
3.624454996
3.624627765
3.624987960
3.625800855
3.626448270
3.626470685
3.627274175
3.627575209
3.628267719
3.628580057
3.628735459
3.629527001
3.630325062
3.630819915
3.631103141
3.631179486
3.631542626
3.631713280
3.631815198
3.631819522
3.632040022
3.632486119
3.632734358
3.633129622
3.633336715
3.634126076
3.635138734
3.635550105
3.635933833
3.636494241
3.636573933
3.636867455
3.639555151
3.639880816
3.640158214
3.640262732
3.640461116
3.640863766
3.640930285
3.641040686
3.641046365
3.641097415
3.641552209
3.641567218
3.641585598
3.642508116
3.642793282
3.643447944
3.643493722
3.643746044
3.643846082
3.644056958
3.644295072
3.644429387
3.644561803
3.644564366
3.644843987
3.644904549
3.645125244
3.645197131
3.645290748
3.645375525
3.645483041
3.645991948
3.646513520
3.646644425
3.647304550
3.648095887
3.648328098
3.648474590
3.649489221
3.649912166
3.650016257
3.650209611
3.651179127
3.651502499
3.651599672
3.651669590
3.652117862
3.652325213
3.652491791
3.653422268
3.653462237
3.653628883
3.653638172
3.655071460
3.655353644
3.656019963
3.656087814
3.656168415
3.656169376
3.656548224
3.657114732
3.657230888
3.657353818
3.658054437
3.658229801
3.658282293
3.658611266
3.658771271
3.659650727
3.659843149
3.659919285
3.660471499
3.660629778
3.660821172
3.660906175
3.661034964
3.661466334
3.661813592
3.661986867
3.662151615
3.662333968
3.662521635
3.662574883
3.663440561
3.663538014
3.663863421
3.664176312
3.664752828
3.665166900
3.665886210
3.665927370
3.666112133
3.666683116
3.667225069
3.668342827
3.668491972
3.668896771
3.669334483
3.669466978
3.669658169
3.669707007
3.670059115
3.670553344
3.671212151
3.671268493
3.672712922
3.672738072
3.673141735
3.673586128
3.673605158
3.673689999
3.673749397
3.673939179
3.674032687
3.674787128
3.676312512
3.676502776
3.676694570
3.677184087
3.677352961
3.677457143
3.677945087
3.678222779
3.678809981
3.679186944
3.679940673
3.680080074
3.680238288
3.680578775
3.680706448
3.680993060
3.681253245
3.681352826
3.681446463
3.681668869
3.682183003
3.682549229
3.682951496
3.683501518
3.683506562
3.684172865
3.684383888
3.684613970
3.684810909
3.684995512
3.685041484
3.685430280
3.686282019
3.686405727
3.686608709
3.686638690
3.686831545
3.686941149
3.687472679
3.687671692
3.688111630
3.689046311
3.689280639
3.689555596
3.689954860
3.691469498
3.692461221
3.693592990
3.693627865
3.693919510
3.693922404
3.694105412
3.694341906
3.694768549
3.695120088
3.695317369
3.695498929
3.695609992
3.695647890
3.695732490
3.695765717
3.696041761
3.696199580
3.696543423
3.696665525
3.696958717
3.697091677
3.697106990
3.697123536
3.697279440
3.697583899
3.697788521
3.697858064
3.697984218
3.698420059
3.698453227
3.698762331
3.699694692
3.699765059
3.701003992
3.701084866
3.701380250
3.701611320
3.702144717
3.702197400
3.702240635
3.702997254
3.703246178
3.703414194
3.703709052
3.704123018
3.705469964
3.706295091
3.706304937
3.706406645
3.706622904
3.706665256
3.706742370
3.706961685
3.707436951
3.707727611
3.707769549
3.707779063
3.708148021
3.708493677
3.708761594
3.708778188
3.708909680
3.710422859
3.710791609
3.710856946
3.711367029
3.711832531
3.711895148
3.711978785
3.712036684
3.712200415
3.712367947
3.712524314
3.712592752
3.712719213
3.713714853
3.713777670
3.714179731
3.714380602
3.714454151
3.714936111
3.715171341
3.715606334
3.715895433
3.716300199
3.716415686
3.716550288
3.716623254
3.716627038
3.718048102
3.718077559
3.718369836
3.718376974
3.718398447
3.719191158
3.719468133
3.719792569
3.720275541
3.720297270
3.720571798
3.720784748
3.721052570
3.722030800
3.722947566
3.723010760
3.723286229
3.723319805
3.723808623
3.724537700
3.724679781
3.724697983
3.725269678
3.725335087
3.725354969
3.725971518
3.725973832
3.726150566
3.726644219
3.726723262
3.727527505
3.727617836
3.728207853
3.728808400
3.728994704
3.729037769
3.729640992
3.730100646
3.730416223
3.730659094
3.730798836
3.730874789
3.730966852
3.731062324
3.732439708
3.732480379
3.733627106
3.734467366
3.734820176
3.735563603
3.735998507
3.736242939
3.736925264
3.737140413
3.737169819
3.737271582
3.737580628
3.737760771
3.738214480
3.738376784
3.738520596
3.739218779
3.739429420
3.739994114
3.740065477
3.741117706
3.741416796
3.741549307
3.741744921
3.741820676
3.741850023
3.742444137
3.742467425
3.743492250
3.743919469
3.744265331
3.744705710
3.744822718
3.746039315
3.746509541
3.746756396
3.747032497
3.747243723
3.747678280
3.748065348
3.748257545
3.748529296
3.748759847
3.748888513
3.749174262
3.749213738
3.749847907
3.749920813
3.750201211
3.750635246
3.750674467
3.750842189
3.751073514
3.751257163
3.751976238
3.752813311
3.753435019
3.754111533
3.754296340
3.754904856
3.755256657
3.755326598
3.755763830
3.756685425
3.756972718
3.757345502
3.757686790
3.757736340
3.757934374
3.758673155
3.758925044
3.759199839
3.759412631
3.759692003
3.759851942
3.760949411
3.761097578
3.761205564
3.761419630
3.762255662
3.762434845
3.762792447
3.763014519
3.763337696
3.764714080
3.764881834
3.765370860
3.765483113
3.765791616
3.765793992
3.766874690
3.767005056
3.767052259
3.767288822
3.767497138
3.767563136
3.767902126
3.767936098
3.768412524
3.768668092
3.769304080
3.769644098
3.769850598
3.770024592
3.770537536
3.770867906
3.771232351
3.771614075
3.771706408
3.772784035
3.772804051
3.773258948
3.773802735
3.773839120
3.774200448
3.774713911
3.774992010
3.775119446
3.775303552
3.775420924
3.775751018
3.775897774
3.776018875
3.776281531
3.776952264
3.777300614
3.777528002
3.777955224
3.778440404
3.778520099
3.778713034
3.778844121
3.779233371
3.779761142
3.779799756
3.780332104
3.780455019
3.780525425
3.780803107
3.780918955
3.781213091
3.782026482
3.782613176
3.782661830
3.782782245
3.783414847
3.783641509
3.784738147
3.785179960
3.785277322
3.785489616
3.785492949
3.785526812
3.785678912
3.785681025
3.785989074
3.786083559
3.786549685
3.786706270
3.787499219
3.787729146
3.787982887
3.788131303
3.788149430
3.788703680
3.788775774
3.788783245
3.789241249
3.789436305
3.789457028
3.789700337
3.790150019
3.790214682
3.790220983
3.790758034
3.791085959
3.791181777
3.791242400
3.791510788
3.791985063
3.792198359
3.792398177
3.792551240
3.792827995
3.793019929
3.793028047
3.793648683
3.793893824
3.794091874
3.794164144
3.795400255
3.795738591
3.796033364
3.796053082
3.796207419
3.796761768
3.796959246
3.797427192
3.797687867
3.799471957
3.799558942
3.799978635
3.800666308
3.800785060
3.801006634
3.801119224
3.801526423
3.801711112
3.801822833
3.801854041
3.802395946
3.802544052
3.802639092
3.803803744
3.803922128
3.804288845
3.805153443
3.805395432
3.805942664
3.806007075
3.806912522
3.806966726
3.807045007
3.807979051
3.808308867
3.808504213
3.808644851
3.808759733
3.809046884
3.809269235
3.809498699
3.809531059
3.809934503
3.810230050
3.810696623
3.811233330
3.811332198
3.811485301
3.811782201
3.811823480
3.811915485
3.811940494
3.812328942
3.812578794
3.814744901
3.815107369
3.815173408
3.815303263
3.815694716
3.815834015
3.816469355
3.817076095
3.817096639
3.817730321
3.818084453
3.818490379
3.818919158
3.819286105
3.819540847
3.819858487
3.820270170
3.820358085
3.820865209
3.820873271
3.821044837
3.821065193
3.821279700
3.821787610
3.821816090
3.821824195
3.822322006
3.822743680
3.823202053
3.823466279
3.823578760
3.823735161
3.824109767
3.824271770
3.824411042
3.825003281
3.825245471
3.825402959
3.826129267
3.826557941
3.827104327
3.827145708
3.827815618
3.827867142
3.828108568
3.828266010
3.828398138
3.828544205
3.829598310
3.830394425
3.830467314
3.831126618
3.831210890
3.831317269
3.832510852
3.833124944
3.833582829
3.833685324
3.833764588
3.834008770
3.834503820
3.834689173
3.834708003
3.835002926
3.835038377
3.836167447
3.836712035
3.836846132
3.837526590
3.837532653
3.837675211
3.838291424
3.838685746
3.838904564
3.839167829
3.839366180
3.839471144
3.839729838
3.840072260
3.840357259
3.840456581
3.840500499
3.840792166
3.840906672
3.841238820
3.841485402
3.841530440
3.841755050
3.842433210
3.842771752
3.842789709
3.843049123
3.843324000
3.843438508
3.843728105
3.844108879
3.844571270
3.844646847
3.844857945
3.845473499
3.845535541
3.845792364
3.845922584
3.845963345
3.846062156
3.846345305
3.846672881
3.846781061
3.846858953
3.847464699
3.847556792
3.847842058
3.848637399
3.849696571
3.849815691
3.850171183
3.850409014
3.850421175
3.850555368
3.850632759
3.850925574
3.851314484
3.851713455
3.852147387
3.852178888
3.852336434
3.852604880
3.853983164
3.854417260
3.854649014
3.854851783
3.855121095
3.855186802
3.855381401
3.855615531
3.855711646
3.855953645
3.856093017
3.856240738
3.856312266
3.856417958
3.856642613
3.856699027
3.856828894
3.856985045
3.857147850
3.857350724
3.857506567
3.858410558
3.858787814
3.858929148
3.859114226
3.859308047
3.859829747
3.860783206
3.860803644
3.861855174
3.862041425
3.862064522
3.862167668
3.862179194
3.862991491
3.863031984
3.863185502
3.863251091
3.864619479
3.864833344
3.865360843
3.865504720
3.865735148
3.865800554
3.866537418
3.866662066
3.867099325
3.867223454
3.867541035
3.868020439
3.868424868
3.868537216
3.868570479
3.868848130
3.869086503
3.869182250
3.869849822
3.870295850
3.870822422
3.870846433
3.871219654
3.871502188
3.871581697
3.871730592
3.872247332
3.872307295
3.872333647
3.872335573
3.872921938
3.873103811
3.873765554
3.873844280
3.873851392
3.873875699
3.873883683
3.874363326
3.874492453
3.875144387
3.875371408
3.876598951
3.876687337
3.877072697
3.877562591
3.877729949
3.878122570
3.878247149
3.879091390
3.881028329
3.881029246
3.881131288
3.881539580
3.881703484
3.881744626
3.881961681
3.882069190
3.882196840
3.882218022
3.882980427
3.883062937
3.884161644
3.884430727
3.884973838
3.885148284
3.885209393
3.885468548
3.885871692
3.886398591
3.886892960
3.886914545
3.887180121
3.887218410
3.888066795
3.888185857
3.888834700
3.889050227
3.889209968
3.889384586
3.889523788
3.889965195
3.890329408
3.890439514
3.890683988
3.891141235
3.891708791
3.892463789
3.892572435
3.892817472
3.893235542
3.893668191
3.893706605
3.893735800
3.893823304
3.894079542
3.894399285
3.894400533
3.894430648
3.894728894
3.895000288
3.895038871
3.895090000
3.895353125
3.895672895
3.895720890
3.896263422
3.897076309
3.897437928
3.897767747
3.897775245
3.897872516
3.898227208
3.898446419
3.898554773
3.899129444
3.900029345
3.900853277
3.901634538
3.902469464
3.902670197
3.902863236
3.902954630
3.903103687
3.903294000
3.904434306
3.905448018
3.905459406
3.905481587
3.905604556
3.905961460
3.905969054
3.906043926
3.906064181
3.906261932
3.906365959
3.906398026
3.906458031
3.906513211
3.906580521
3.907879273
3.908106454
3.908324191
3.908715437
3.909182290
3.910003661
3.910344652
3.910387325
3.910876697
3.911063328
3.911113577
3.911805101
3.911951067
3.911971413
3.911997929
3.912312383
3.912485048
3.912627571
3.912688808
3.912759932
3.912902713
3.913302167
3.913594708
3.914443461
3.914887125
3.915006715
3.915157343
3.915160685
3.915253397
3.915681502
3.916278979
3.916596090
3.916663107
3.916723780
3.916960733
3.917062136
3.917065545
3.917185445
3.917190960
3.917674920
3.917764116
3.919212334
3.919292970
3.919362430
3.919726664
3.919819815
3.920659839
3.920878080
3.921265087
3.922638851
3.922705757
3.922892322
3.923315627
3.924674884
3.924771330
3.924947212
3.924986770
3.925284825
3.926471718
3.926637009
3.927194251
3.927661164
3.928095135
3.928100546
3.928299294
3.928307868
3.928389996
3.929141022
3.930014866
3.930088955
3.930392269
3.930595749
3.931251672
3.931283541
3.931781966
3.931884505
3.932318139
3.932464728
3.932992451
3.933720019
3.933803065
3.933886106
3.933997112
3.934041479
3.934757247
3.934894205
3.935112245
3.935309109
3.935338553
3.935847839
3.936092793
3.936455760
3.936489347
3.937153322
3.938074724
3.939115447
3.939183960
3.939264006
3.939332894
3.939420438
3.939778889
3.939812608
3.939908769
3.940255781
3.940362253
3.940924944
3.941118340
3.941266943
3.941477533
3.941577364
3.941907843
3.942277960
3.942383849
3.942689915
3.942730000
3.942880615
3.943016536
3.943156323
3.943593071
3.943830803
3.944106146
3.944331737
3.944411035
3.944840886
3.944983774
3.945597773
3.945901732
3.946389482
3.946514231
3.946858740
3.946968642
3.947434766
3.948225421
3.948443148
3.948632974
3.949029073
3.949068661
3.950155043
3.950241909
3.950397087
3.950414737
3.950613195
3.950776599
3.951722043
3.953605786
3.953798560
3.953875504
3.953909772
3.954326220
3.954361804
3.954963971
3.955367417
3.955635521
3.955846001
3.956067507
3.956089175
3.956199656
3.956551451
3.956973990
3.957533553
3.958100909
3.958438814
3.958727530
3.959166455
3.959779486
3.959823990
3.960322762
3.960713872
3.961089985
3.961381072
3.961673300
3.962669972
3.962848263
3.962940363
3.963328389
3.963367354
3.963560857
3.963789856
3.964048730
3.964863036
3.964878759
3.965164183
3.965542025
3.965853795
3.966338391
3.966791336
3.967242995
3.967289116
3.967740482
3.967750099
3.969800072
3.970222611
3.970223122
3.970266832
3.970455599
3.970657096
3.970704585
3.971468991
3.971625286
3.972471040
3.972927354
3.973497904
3.973687916
3.974048871
3.974448679
3.974449708
3.974564861
3.974626435
3.974988249
3.975164278
3.975255918
3.975539564
3.975702488
3.975740192
3.976889867
3.977432683
3.978315826
3.978548555
3.978792810
3.978955087
3.979089775
3.979251217
3.979805384
3.980801309
3.981245235
3.981645526
3.982735634
3.982777278
3.982829524
3.983183530
3.983615209
3.983621885
3.983950568
3.983956695
3.984223420
3.984289394
3.984893422
3.985076290
3.985493213
3.985554801
3.985787198
3.985986149
3.986220822
3.986224616
3.986426661
3.986686172
3.987778733
3.987851783
3.988062583
3.988649240
3.988785316
3.988838713
3.988973538
3.989142927
3.989461377
3.989643052
3.990168237
3.990209238
3.991267206
3.991407641
3.991489104
3.991516537
3.991606169
3.991657723
3.992310572
3.992777995
3.993609382
3.994100019
3.994124244
3.994402607
3.994447390
3.994688084
3.994762342
3.995796510
3.996362353
3.997184285
3.997470835
3.997522870
3.997542428
3.998729616
3.998746428
3.998878393
3.998922613
3.999165822
3.999759527
3.1000082078
3.1000172742
3.1000382241
3.1000543708
3.1000890969
3.1001065364
3.1001461392
3.1001659989
3.1001905403
3.1002026629
3.1002484375
3.1002770887
3.1002930199
3.1002949186
3.1003232156
3.1003487434
3.1003676038
3.1003871068
3.1004073306
3.1004670709
3.1004691150
3.1005428714
3.1005601852
3.1005649604
3.1005704238
3.1005761699
3.1006820763
3.1006832095
3.1007605750
3.1007904068
3.1007963643
3.1007988289
3.1007995214
3.1008641146
3.1008693044
3.1008890873
3.1009021920
3.1009113238
3.1009711499
3.1009963641
3.1010762997
3.1010769718
3.1011382982
3.1011563604
3.1011588082
3.1012062894
3.1012320011
3.1013001233
3.1013178491
3.1013891561
3.1013934149
3.1014040352
3.1014318955
3.1014480953
3.1014486994
3.1015643638
3.1016190638
3.1016504235
3.1016539955
3.1016641482
3.1016788934
3.1017079462
3.1017301181
3.1017576934
3.1017711489
3.1018237076
3.1018591246
3.1019249240
3.1019502272
3.1019604670
3.1019691047
3.1020319879
3.1020414430
3.1021242281
3.1021449727
3.1021797764
3.1022112880
3.1022412544
3.1023050145
3.1023185828
3.1023451722
3.1023507546
3.1023914443
3.1023990685
3.1024189166
3.1024549577
3.1024590013
3.1024859972
3.1025098806
3.1025979786
3.1026987177
3.1027261256
3.1027448366
3.1027504089
3.1027676877
3.1027967999
3.1028064566
3.1028477769
3.1028780692
3.1028821660
3.1028956888
3.1029599385
3.1030651380
3.1030781178
3.1031225056
3.1031453838
3.1032022896
3.1032026210
3.1032616202
3.1032675134
3.1032771730
3.1033183232
3.1033277245
3.1033654874
3.1033816231
3.1034070353
3.1034140215
3.1034201264
3.1034842464
3.1034865775
3.1035264445
3.1035287521
3.1036311922
3.1036713528
3.1037688739
3.1037722470
3.1037886079
3.1038159895
3.1038372092
3.1038420114
3.1038549691
3.1038654274
3.1039046940
3.1039389350
3.1039429828
3.1039596225
3.1040149558
3.1040333930
3.1041923061
3.1042145229
3.1042338499
3.1042358463
3.1042727849
3.1043229805
3.1043879641
3.1044323976
3.1044370220
3.1044995954
3.1045000303
3.1045579390
3.1046068207
3.1046280005
3.1047062626
3.1047793940
3.1048028341
3.1048241232
3.1048718813
3.1049204402
3.1049378423
3.1050326371
3.1050415257
3.1050485973
3.1050626142
3.1050971359
3.1050988970
3.1051337447
3.1051595014
3.1051630472
3.1051748004
3.1051946590
3.1052485943
3.1053095351
3.1053323609
3.1053375982
3.1053520330
3.1053550459
3.1053818721
3.1053835039
3.1054008729
3.1054059316
3.1054527067
3.1054785746
3.1054795714
3.1055807293
3.1056016840
3.1056097908
3.1056947227
3.1057720433
3.1057829925
3.1057847722
3.1058180906
3.1058495929
3.1058725226
3.1059024413
3.1059053635
3.1059229577
3.1059602270
3.1060166934
3.1060326761
3.1060890798
3.1061252373
3.1061488386
3.1061825282
3.1061831491
3.1062699834
3.1063164398
3.1063494304
3.1063652691
3.1063658091
3.1063691956
3.1063695340
3.1064039348
3.1064297013
3.1064402896
3.1064658418
3.1064726853
3.1064756367
3.1064834801
3.1064881479
3.1065398696
3.1065746597
3.1066988410
3.1067259913
3.1067898175
3.1068052195
3.1068195850
3.1068364904
3.1068458511
3.1069250107
3.1069453206
3.1069633209
3.1069780431
3.1070699538
3.1070747006
3.1070792102
3.1071113672
3.1071329659
3.1071406900
3.1071579991
3.1071924171
3.1071993020
3.1072334158
3.1072625612
3.1072806783
3.1073371918
3.1073458552
3.1074335785
3.1074350844
3.1074373173
3.1074459272
3.1075151215
3.1075161787
3.1075473623
3.1075486787
3.1075977596
3.1076545009
3.1076562169
3.1076837929
3.1077546381
3.1077944621
3.1078184499
3.1078563766
3.1078874769
3.1078910133
3.1079049543
3.1079330289
3.1079617667
3.1080515660
3.1081555478
3.1082167508
3.1082830782
3.1082887445
3.1083371866
3.1083432838
3.1083441218
3.1084055548
3.1084349415
3.1085969683
3.1086628060
3.1086892665
3.1087031041
3.1087339917
3.1087433800
3.1087689755
3.1088209572
3.1088260641
3.1088340157
3.1088881888
3.1088896344
3.1088968737
3.1089063976
3.1089076572
3.1089571251
3.1089589993
3.1089914757
3.1090812849
3.1091204389
3.1091259075
3.1091449421
3.1092036545
3.1092063356
3.1092473628
3.1093500746
3.1093979267
3.1094109845
3.1094404230
3.1094682675
3.1094921396
3.1095778468
3.1096002593
3.1096167006
3.1096643672
3.1097511807
3.1097791701
3.1097879789
3.1098690574
3.1098710948
3.1099146339
3.1099207388
3.1099632849
3.1099658634
3.1099714573
3.1100330139
3.1100614136
3.1100811373
3.1101021913
3.1101238996
3.1101265172
3.1101510384
3.1101681747
3.1101810597
3.1101965867
3.1102223366
3.1103004969
3.1103830329
3.1103994225
3.1104103369
3.1104163495
3.1104235116
3.1104705915
3.1104833125
3.1104955234
3.1105454306
3.1106067505
3.1106216742
3.1106340485
3.1106443064
3.1107076958
3.1107870206
3.1108873264
3.1109159432
3.1109789116
3.1109835364
3.1109839330
3.1110078442
3.1110342680
3.1110699447
3.1113268861
3.1113347854
3.1113552507
3.1114232955
3.1114620625
3.1114764223
3.1114927113
3.1115174293
3.1116009662
3.1116103443
3.1116146951
3.1116880299
3.1118600248
3.1118723581
3.1119050805
3.1119215014
3.1119573448
3.1119677242
3.1119749978
3.1120563446
3.1120698744
3.1121703244
3.1121985629
3.1122300129
3.1123193317
3.1123341061
3.1125009163
3.1125208111
3.1125325925
3.1125526441
3.1126074345
3.1126424502
3.1126530787
3.1126673544
3.1126813064
3.1127896883
3.1128315173
3.1128498089
3.1128593124
3.1129806012
3.1129954405
3.1130005778
3.1130452956
3.1130785725
3.1130938051
3.1131283919
3.1131818552
3.1133589191
3.1134328769
3.1134388725
3.1134395179
3.1134520984
3.1135001671
3.1135688035
3.1136038483
3.1136045732
3.1136462534
3.1137222825
3.1137369370
3.1137477008
3.1139334150
3.1139485858
3.1139694478
3.1140124485
3.1140888649
3.1140889259
3.1141483407
3.1141911179
3.1141950334
3.1142201376
3.1142655522
3.1142760509
3.1142866527
3.1142973432
3.1143308342
3.1143408132
3.1143649217
3.1143654286
3.1143677658
3.1144098667
3.1144250225
3.1144372133
3.1144603690
3.1144698312
3.1144855596
3.1145121908
3.1145163088
3.1145251106
3.1145356140
3.1145916816
3.1146663864
3.1146893624
3.1146975107
3.1147646253
3.1147672387
3.1147698425
3.1147969662
3.1148831104
3.1148955960
3.1149192386
3.1149642167
3.1150147872
3.1150263102
3.1150819601
3.1151172901
3.1151219231
3.1151335826
3.1152132531
3.1152317124
3.1152448277
3.1152549048
3.1152712289
3.1152775434
3.1152969689
3.1153222955
3.1153889649
3.1154259505
3.1154491627
3.1155174859
3.1155300502
3.1155691310
3.1155960594
3.1155991441
3.1156198291
3.1156198428
3.1156606569
3.1156614085
3.1157048510
3.1157410137
3.1157568856
3.1157809381
3.1158128762
3.1158763913
3.1159062421
3.1159574072
3.1160064187
3.1160279542
3.1160305314
3.1160401728
3.1161002332
3.1161081152
3.1161298995
3.1161520043
3.1161685060
3.1161845213
3.1162023450
3.1162378509
3.1163841845
3.1163860474
3.1164594445
3.1164857006
3.1165008458
3.1165576780
3.1166058770
3.1166397119
3.1167743155
3.1167942940
3.1168809305
3.1168809546
3.1168964234
3.1168994047
3.1169764805
3.1169885044
3.1170112756
3.1170209815
3.1170267096
3.1170733848
3.1170925240
3.1171216251
3.1171636058
3.1172041495
3.1172217852
3.1172542939
3.1172857384
3.1173862917
3.1174579497
3.1174935072
3.1174957271
3.1175088517
3.1175190426
3.1175700411
3.1175858844
3.1176009672
3.1176128480
3.1176510925
3.1176564628
3.1176813728
3.1177198114
3.1177214211
3.1177493143
3.1177668459
3.1177706416
3.1177800022
3.1178338320
3.1178351098
3.1178523046
3.1178618133
3.1178779803
3.1179349995
3.1179754711
3.1180667356
3.1181482929
3.1181490470
3.1182334578
3.1183108595
3.1183230748
3.1183322007
3.1183898425
3.1184334079
3.1184430498
3.1185629491
3.1186066914
3.1186441005
3.1186861533
3.1187293111
3.1187561189
3.1187562855
3.1188205096
3.1188249836
3.1188285727
3.1188385424
3.1188882349
3.1189983104
3.1190296564
3.1190381130
3.1190411407
3.1191132707
3.1191231568
3.1191306295
3.1191394122
3.1192079150
3.1193532575
3.1194191193
3.1194516197
3.1194772735
3.1195393921
3.1195488467
3.1195770491
3.1196694286
3.1197458420
3.1197688719
3.1197767668
3.1197957721
3.1198281294
3.1198919422
3.1199155036
3.1199577454
3.1199655504
3.1199905852
3.1200015798
3.1201015369
3.1201161329
3.1201750234
3.1201823773
3.1201883242
3.1202097947
3.1202521930
3.1202546853
3.1202689297
3.1202908907
3.1203475332
3.1203706964
3.1204246797
3.1204569039
3.1204678664
3.1204738069
3.1204807013
3.1205535154
3.1205553770
3.1205690922
3.1206131302
3.1206379950
3.1206471880
3.1206515385
3.1207046584
3.1207436159
3.1207505772
3.1207575420
3.1207750700
3.1207879712
3.1208040281
3.1208342055
3.1208735479
3.1209118328
3.1209321689
3.1209512788
3.1212293423
3.1212516626
3.1212528268
3.1212902865
3.1214028381
3.1214035898
3.1214430825
3.1214564785
3.1214965087
3.1215045648
3.1215316569
3.1215846350
3.1216036400
3.1216265294
3.1216317126
3.1216738110
3.1216956113
3.1217061859
3.1217342288
3.1217406702
3.1217583111
3.1217756708
3.1218443716
3.1218503333
3.1218504317
3.1218565036
3.1219868709
3.1220030349
3.1220157985
3.1221138649
3.1221533801
3.1221660286
3.1221836471
3.1222354301
3.1222791492
3.1223236473
3.1223582819
3.1223727315
3.1224068838
3.1224354324
3.1224424021
3.1224526917
3.1225226774
3.1225483121
3.1225805603
3.1225954141
3.1226097820
3.1226162467
3.1226526954
3.1227775441
3.1228213627
3.1228261445
3.1228934589
3.1229157489
3.1229395238
3.1229395313
3.1229462916
3.1229673799
3.1229913750
3.1230145886
3.1230682205
3.1231355939
3.1231402909
3.1232058696
3.1232194774
3.1232870846
3.1233027223
3.1233180066
3.1233646632
3.1234346560
3.1235747136
3.1236223800
3.1236266918
3.1236583835
3.1236747747
3.1236747749
3.1236847151
3.1236937752
3.1237431531
3.1237562366
3.1237563527
3.1238240730
3.1238316182
3.1238341477
3.1238388550
3.1238437916
3.1238915347
3.1239398346
3.1239481784
3.1239537788
3.1239605199
3.1239670929
3.1240253834
3.1240475520
3.1240926306
3.1240931768
3.1241740702
3.1242806507
3.1243024806
3.1243918420
3.1244220354
3.1244392589
3.1244487795
3.1245231685
3.1245322198
3.1246010036
3.1246318779
3.1246761192
3.1247533294
3.1248266284
3.1248554629
3.1249716328
3.1250369855
3.1250977831
3.1251158316
3.1251411786
3.1251923490
3.1252139126
3.1252577465
3.1252628977
3.1252959904
3.1253148247
3.1253151107
3.1253313482
3.1253406711
3.1253556998
3.1253563016
3.1253979108
3.1254322995
3.1254511347
3.1254789101
3.1255108017
3.1255331813
3.1255415759
3.1255886410
3.1255979335
3.1256100837
3.1256638842
3.1257240229
3.1257446526
3.1257453444
3.1257540396
3.1258586239
3.1258720446
3.1258735074
3.1259067682
3.1259166743
3.1259260851
3.1259772271
3.1259935209
3.1260157465
3.1260309252
3.1260717611
3.1260739500
3.1260935919
3.1261571332
3.1261589964
3.1262233375
3.1262777663
3.1262833091
3.1263505088
3.1264317368
3.1265069675
3.1265500645
3.1265640907
3.1265837779
3.1266010475
3.1266818181
3.1266830249
3.1267654787
3.1267944871
3.1268262891
3.1268391472
3.1268682597
3.1269111540
3.1269552758
3.1269825448
3.1269860564
3.1270103204
3.1270251382
3.1270768746
3.1270845509
3.1271077927
3.1271465623
3.1271750695
3.1272672046
3.1273558380
3.1273660633
3.1274170980
3.1274209184
3.1274312866
3.1274324103
3.1274372170
3.1274381202
3.1274673375
3.1275384941
3.1275516640
3.1275519697
3.1275522318
3.1276022759
3.1276159708
3.1276365186
3.1276367722
3.1277298975
3.1277784141
3.1277946387
3.1278068042
3.1278214748
3.1278863957
3.1278943413
3.1279027031
3.1279248534
3.1280122684
3.1280290427
3.1280514438
3.1280563832
3.1281544032
3.1281621481
3.1281893758
3.1282072977
3.1282237939
3.1282252627
3.1283351978
3.1283430099
3.1283570235
3.1284028805
3.1284390178
3.1284633771
3.1284938067
3.1285286586
3.1285289283
3.1285374914
3.1285776156
3.1285859625
3.1286461188
3.1286465114
3.1286663272
3.1286683140
3.1286731627
3.1286945463
3.1288285026
3.1288374696
3.1288422396
3.1288572119
3.1288579717
3.1288910140
3.1289031388
3.1289120395
3.1289157656
3.1289394437
3.1289512026
3.1289612419
3.1290060107
3.1290387731
3.1290400019
3.1291185936
3.1291606710
3.1292310343
3.1292650291
3.1293121007
3.1293402036
3.1293655595
3.1294279703
3.1294489642
3.1294583392
3.1294591660
3.1294831902
3.1294912352
3.1295239325
3.1295436787
3.1295609626
3.1295717425
3.1295842603
3.1295884806
3.1295916375
3.1295973154
3.1296134374
3.1296408924
3.1296666434
3.1296973414
3.1297393373
3.1297578850
3.1298098019
3.1298136524
3.1298580657
3.1298861018
3.1299392399
3.1300255989
3.1300381923
3.1300425806
3.1300596206
3.1301283859
3.1301321182
3.1301942871
3.1302177266
3.1302187746
3.1303501657
3.1304140952
3.1304215763
3.1304358818
3.1304472714
3.1304484475
3.1304560547
3.1304698800
3.1305233667
3.1305361819
3.1305448385
3.1305634232
3.1306080895
3.1306650694
3.1307054683
3.1307251829
3.1307296953
3.1307458911
3.1307561988
3.1307851088
3.1307912710
3.1308174704
3.1308363422
3.1308679802
3.1308934762
3.1309082673
3.1309286610
3.1309720312
3.1309996855
3.1310007679
3.1310087365
3.1310371630
3.1310584292
3.1310641739
3.1310668400
3.1310792848
3.1311740555
3.1312348295
3.1312399027
3.1312411215
3.1312491567
3.1312750123
3.1312757266
3.1312760756
3.1313160400
3.1313368110
3.1314370988
3.1314899458
3.1316348995
3.1316351445
3.1316408793
3.1316497625
3.1317062317
3.1317336989
3.1317566174
3.1317650169
3.1318544530
3.1319675096
3.1319684778
3.1319957685
3.1320501935
3.1321156669
3.1321567651
3.1321768327
3.1322528481
3.1323082262
3.1323115256
3.1323443606
3.1323524502
3.1324261635
3.1324598802
3.1324716415
3.1324753077
3.1325376138
3.1325509654
3.1325593551
3.1326054766
3.1326272064
3.1326727791
3.1327183717
3.1327400420
3.1328220249
3.1328282324
3.1328375785
3.1328671263
3.1329121623
3.1329491345
3.1329563081
3.1329797306
3.1329816083
3.1330024641
3.1330847277
3.1331519528
3.1331559558
3.1331604667
3.1331866776
3.1332097811
3.1332742443
3.1332825161
3.1333099379
3.1333155246
3.1333208342
3.1333217963
3.1333632121
3.1333734776
3.1333740886
3.1333773210
3.1334250442
3.1334568660
3.1335230671
3.1335901162
3.1336125473
3.1336302406
3.1336431951
3.1336614585
3.1336956783
3.1337205647
3.1337294696
3.1337723371
3.1338324086
3.1338369625
3.1338892310
3.1339095745
3.1339279950
3.1339518765
3.1340052760
3.1340409240
3.1340771167
3.1341040776
3.1341053313
3.1341253774
3.1341772692
3.1342413605
3.1343393410
3.1343465740
3.1343487041
3.1343682554
3.1343727316
3.1343924351
3.1344144959
3.1344258931
3.1345194250
3.1345686584
3.1345718560
3.1345871535
3.1345934450
3.1345943228
3.1346208739
3.1346979073
3.1347893881
3.1348005769
3.1348103633
3.1348227885
3.1348272095
3.1348553120
3.1349170361
3.1349368413
3.1349821673
3.1350912065
3.1351241150
3.1351964727
3.1352244833
3.1352994972
3.1353544402
3.1353939179
3.1353982764
3.1354192134
3.1354212260
3.1354578900
3.1354710023
3.1354761680
3.1354817784
3.1355054139
3.1355832178
3.1355932533
3.1356124112
3.1356462094
3.1356468146
3.1356570038
3.1356591906
3.1356692992
3.1357337055
3.1357502334
3.1358099082
3.1358929953
3.1359180873
3.1359186144
3.1359428702
3.1359612119
3.1359688034
3.1360414293
3.1360439462
3.1361595279
3.1361911231
3.1362138168
3.1362181219
3.1362675432
3.1363363949
3.1363383052
3.1363479734
3.1364011906
3.1364089486
3.1364326799
3.1364686023
3.1364947349
3.1365156549
3.1365380396
3.1365381014
3.1366408105
3.1367086757
3.1367476221
3.1368130661
3.1368326896
3.1368476339
3.1368602683
3.1368964671
3.1369023042
3.1369472871
3.1370555497
3.1370715630
3.1371292308
3.1371429242
3.1371606126
3.1371926664
3.1372550285
3.1373366087
3.1373479466
3.1374337169
3.1374388274
3.1374479798
3.1375409759
3.1375797687
3.1375844374
3.1375902346
3.1377705821
3.1378002016
3.1378618721
3.1378825015
3.1379588153
3.1380131113
3.1380424690
3.1380436039
3.1380614763
3.1380735996
3.1381446187
3.1381953971
3.1382588606
3.1383108528
3.1383655604
3.1383811295
3.1384107243
3.1384840215
3.1385814515
3.1385818282
3.1386036512
3.1386478178
3.1387012457
3.1387346923
3.1388643703
3.1388651733
3.1388805000
3.1389793871
3.1390380299
3.1390599406
3.1390800386
3.1390870036
3.1391342686
3.1391476900
3.1391557736
3.1391664069
3.1391712491
3.1391976728
3.1392071584
3.1392384122
3.1392996820
3.1393203259
3.1393345898
3.1393399268
3.1393592144
3.1394054016
3.1394268154
3.1394650605
3.1394678823
3.1395272577
3.1395295250
3.1395452339
3.1395649484
3.1395773026
3.1396019677
3.1396244712
3.1396477775
3.1396699912
3.1396737950
3.1396958188
3.1396983776
3.1397277813
3.1397299860
3.1397314760
3.1397375649
3.1397473257
3.1398124757
3.1398206358
3.1398461154
3.1398934831
3.1399172662
3.1399319374
3.1399664369
3.1400234875
3.1400282530
3.1400306919
3.1400481461
3.1400608283
3.1400673222
3.1400763601
3.1400927320
3.1401169219
3.1401418215
3.1401821383
3.1401955021
3.1402418649
3.1402885937
3.1402979939
3.1403796408
3.1404462701
3.1404486116
3.1405203026
3.1405809773
3.1405958166
3.1407044763
3.1407088733
3.1407213199
3.1407561598
3.1407567467
3.1408348801
3.1408470412
3.1409254249
3.1409824198
3.1409936956
3.1410175798
3.1410200770
3.1410228252
3.1410343647
3.1410637558
3.1410720334
3.1410999489
3.1411587330
3.1411621197
3.1411778699
3.1411867900
3.1412486488
3.1412840554
3.1413197430
3.1413207753
3.1413493287
3.1413641390
3.1413895576
3.1414124397
3.1414417421
3.1414821316
3.1414855709
3.1415060127
3.1415198874
3.1415269081
3.1415576972
3.1416240529
3.1416248086
3.1416649131
3.1416765322
3.1416837652
3.1417467074
3.1417488882
3.1417935300
3.1418188209
3.1418448215
3.1418731728
3.1418744583
3.1418758110
3.1419022866
3.1419051748
3.1419207956
3.1419684227
3.1419718860
3.1419857500
3.1419881578
3.1419927657
3.1420071146
3.1420174615
3.1421038787
3.1421190699
3.1421369172
3.1422000934
3.1422222563
3.1422278947
3.1422380495
3.1422580394
3.1422667197
3.1423242481
3.1423481229
3.1423637742
3.1423696300
3.1424450199
3.1424716975
3.1424797948
3.1424815912
3.1425121128
3.1425220711
3.1425281956
3.1425285221
3.1425394582
3.1425403322
3.1425534569
3.1425552174
3.1425901587
3.1425925675
3.1425952082
3.1425957151
3.1426117981
3.1426291851
3.1426698831
3.1427232354
3.1427287253
3.1427300700
3.1427500841
3.1427730015
3.1428060295
3.1428588537
3.1428894059
3.1429170469
3.1429659293
3.1430161074
3.1430304270
3.1430379683
3.1430747530
3.1431119664
3.1431762363
3.1432238045
3.1432998683
3.1433274135
3.1433436899
3.1434020633
3.1434333638
3.1434458337
3.1434701744
3.1435732629
3.1435875037
3.1436235236
3.1436771445
3.1436901335
3.1437096295
3.1437214955
3.1437627720
3.1437762800
3.1437981475
3.1437998684
3.1438263593
3.1438267608
3.1438507634
3.1438968624
3.1438976759
3.1439395500
3.1439733401
3.1439973200
3.1440507640
3.1440691377
3.1440692413
3.1440763155
3.1441039147
3.1441432932
3.1441435775
3.1441468884
3.1441832277
3.1441846672
3.1442418139
3.1442658931
3.1442761710
3.1443200037
3.1443360867
3.1443895806
3.1444054214
3.1445026549
3.1445610997
3.1445644063
3.1445776710
3.1445912019
3.1446866057
3.1446952902
3.1447334074
3.1447944902
3.1448480594
3.1448828688
3.1449105826
3.1449252528
3.1449261680
3.1449308288
3.1449438750
3.1449952876
3.1449963325
3.1449987376
3.1450290484
3.1450296848
3.1450331417
3.1450875731
3.1452161658
3.1452188724
3.1452258455
3.1452275397
3.1452344547
3.1452673507
3.1453536448
3.1454167066
3.1454473887
3.1454813886
3.1455465351
3.1455499129
3.1455691051
3.1456347190
3.1456378379
3.1456553933
3.1457175805
3.1457793608
3.1458324804
3.1459061023
3.1459360915
3.1460025450
3.1460275634
3.1460311349
3.1460366986
3.1460528605
3.1460826355
3.1460864872
3.1461153780
3.1462472473
3.1462923436
3.1463313541
3.1463531875
3.1463680041
3.1463900201
3.1464102779
3.1464277495
3.1464707641
3.1464755591
3.1464802022
3.1464825497
3.1464909193
3.1465124462
3.1466081661
3.1466511068
3.1466687794
3.1466879736
3.1467020117
3.1467436217
3.1467472834
3.1467575063
3.1467743480
3.1468486665
3.1468786329
3.1469742305
3.1469776662
3.1470014622
3.1470371968
3.1471134006
3.1471200116
3.1471874964
3.1472429392
3.1472903799
3.1474029674
3.1475066865
3.1476277459
3.1476368186
3.1476827036
3.1477227774
3.1477599251
3.1477661383
3.1477707095
3.1477836580
3.1478807566
3.1479451668
3.1480835611
3.1481204437
3.1481386477
3.1481833889
3.1482183802
3.1482191206
3.1482197159
3.1482596905
3.1482814609
3.1483134328
3.1483886206
3.1484228257
3.1484326510
3.1484977146
3.1484995689
3.1485179754
3.1485560051
3.1486222541
3.1486332333
3.1486343937
3.1487211462
3.1487236249
3.1487555121
3.1487573351
3.1487694175
3.1487784282
3.1488578670
3.1488814790
3.1489468358
3.1489481308
3.1489804181
3.1489849830
3.1490406288
3.1490483364
3.1490609314
3.1491055176
3.1491194996
3.1491335076
3.1491522402
3.1492094640
3.1492141181
3.1492809806
3.1492858040
3.1492966700
3.1493096208
3.1493209367
3.1493466069
3.1493702894
3.1494376222
3.1494457693
3.1494554623
3.1495082035
3.1495950333
3.1495978881
3.1496082539
3.1496345224
3.1497576998
3.1498473181
3.1498583174
3.1498823987
3.1498937238
3.1499496533
3.1499506282
3.1499521441
3.1499983010
3.1500293792
3.1500359279
3.1500415290
3.1501209449
3.1501278813
3.1501649128
3.1501948895
3.1502051105
3.1503060419
3.1503295425
3.1503832016
3.1504113396
3.1504159184
3.1505103367
3.1505336181
3.1505751693
3.1505811717
3.1506266037
3.1506270723
3.1506388272
3.1506948536
3.1507304827
3.1507842618
3.1507966021
3.1508225258
3.1508369431
3.1508965144
3.1509111228
3.1509436015
3.1510130656
3.1510235628
3.1510484745
3.1510599904
3.1510766841
3.1510869815
3.1512400685
3.1513143481
3.1513186842
3.1513816653
3.1514157857
3.1514416690
3.1514531930
3.1514927802
3.1514933756
3.1515112211
3.1515859703
3.1517431536
3.1517711950
3.1517942082
3.1518090808
3.1518539837
3.1518704934
3.1518892540
3.1519002912
3.1519101060
3.1519527903
3.1519555988
3.1519913440
3.1520119658
3.1520190787
3.1520600911
3.1522348142
3.1522469620
3.1522642403
3.1522835517
3.1523094710
3.1523200126
3.1523270881
3.1523929398
3.1524884474
3.1524946484
3.1525133797
3.1525346259
3.1525467248
3.1525517072
3.1525941075
3.1526140683
3.1526604511
3.1526783886
3.1527659342
3.1528141973
3.1528251356
3.1528273785
3.1529761717
3.1530364059
3.1530406796
3.1530830876
3.1531578143
3.1531629748
3.1531726139
3.1532070282
3.1532361828
3.1532497508
3.1533153867
3.1533633363
3.1533870700
3.1534062903
3.1534286253
3.1534296154
3.1535024287
3.1535709728
3.1536088934
3.1536120234
3.1536880622
3.1536950089
3.1537437539
3.1537526882
3.1538091485
3.1538677229
3.1538910163
3.1538927928
3.1539228595
3.1539525085
3.1539727516
3.1540211051
3.1540252060
3.1540260572
3.1540264675
3.1540308355
3.1540507533
3.1540974326
3.1541580170
3.1542184763
3.1542601268
3.1543415721
3.1543835868
3.1544005701
3.1544066199
3.1544117466
3.1544622887
3.1545179066
3.1545240848
3.1545617115
3.1545869708
3.1546721268
3.1546912088
3.1547476595
3.1547827585
3.1547905361
3.1548258703
3.1548752172
3.1548968726
3.1548998574
3.1549556900
3.1549719691
3.1549849028
3.1549856403
3.1550452115
3.1550580229
3.1550820742
3.1550982441
3.1551212441
3.1551265787
3.1551613292
3.1551845771
3.1552035622
3.1552087956
3.1552174277
3.1552700429
3.1552713277
3.1552757484
3.1552977927
3.1553171530
3.1553234798
3.1553454816
3.1553705719
3.1553882360
3.1553941994
3.1554017685
3.1554979406
3.1555074729
3.1555230058
3.1555413223
3.1556540202
3.1556806235
3.1556951649
3.1557127056
3.1557404488
3.1558236145
3.1558497801
3.1558934382
3.1559224606
3.1559304498
3.1559409394
3.1559482677
3.1559942032
3.1560124586
3.1560740034
3.1561209447
3.1561997770
3.1562086841
3.1562178126
3.1562510733
3.1562771030
3.1563258317
3.1563328788
3.1563465086
3.1563954292
3.1564038857
3.1564444257
3.1564860378
3.1565047243
3.1565246626
3.1565605176
3.1566838475
3.1566903573
3.1567247417
3.1567552199
3.1567855162
3.1567953622
3.1568326581
3.1568340912
3.1568443660
3.1568895305
3.1569133772
3.1569168061
3.1569320996
3.1569321088
3.1569568997
3.1569584132
3.1569782304
3.1570395952
3.1570783246
3.1570927484
3.1571148222
3.1571275913
3.1571343538
3.1571459583
3.1571512408
3.1571823821
3.1571825636
3.1571862406
3.1571971109
3.1572261383
3.1572310909
3.1572761143
3.1573032537
3.1573872968
3.1574074430
3.1575109648
3.1575539194
3.1576244839
3.1576357816
3.1576508645
3.1576611753
3.1576759478
3.1577010472
3.1577031509
3.1577049194
3.1577173112
3.1577527677
3.1577782378
3.1579103654
3.1579160093
3.1579245339
3.1579599010
3.1579620714
3.1579988247
3.1580222336
3.1580544449
3.1580844072
3.1581186361
3.1582393303
3.1582685220
3.1582726758
3.1583254793
3.1583509605
3.1583857819
3.1584194020
3.1584623430
3.1584887661
3.1584901497
3.1585896468
3.1585919135
3.1586070612
3.1586173605
3.1586842291
3.1587226097
3.1587381599
3.1587589207
3.1587706847
3.1587709395
3.1587832170
3.1587927463
3.1588155183
3.1588234462
3.1588729950
3.1588790017
3.1589753585
3.1589777589
3.1589863139
3.1589916705
3.1590085265
3.1590394567
3.1590495167
3.1591109760
3.1591274944
3.1592150437
3.1592898315
3.1593028517
3.1593049129
3.1593778006
3.1593936026
3.1594706703
3.1595002192
3.1595074038
3.1595158184
3.1595720783
3.1596080559
3.1596376379
3.1596535598
3.1596598727
3.1596702534
3.1597185537
3.1597425595
3.1598159725
3.1598198053
3.1598333988
3.1598393490
3.1598436239
3.1598607962
3.1598781250
3.1599063291
3.1599105223
3.1599327464
3.1599541396
3.1599626350
3.1599969191
3.1600037612
3.1600893260
3.1600958117
3.1602035514
3.1602400506
3.1602717050
3.1602736985
3.1602805095
3.1603090152
3.1603697925
3.1603903417
3.1603990654
3.1604112224
3.1605525863
3.1605836348
3.1606207817
3.1606281129
3.1606351799
3.1607673665
3.1607916831
3.1608273129
3.1608420836
3.1608551731
3.1608991393
3.1609275959
3.1609359005
3.1609427098
3.1609589402
3.1609643083
3.1609958749
3.1609983392
3.1610388080
3.1610439331
3.1610856162
3.1610857205
3.1610945320
3.1611065573
3.1611478304
3.1612113952
3.1612202382
3.1612370933
3.1613436806
3.1613979701
3.1614407764
3.1614577375
3.1614728585
3.1615390118
3.1615425753
3.1615925711
3.1616383073
3.1616491517
3.1617327879
3.1617494521
3.1617563637
3.1617717414
3.1617926853
3.1618705630
3.1618800859
3.1619478503
3.1619550636
3.1619747418
3.1620024686
3.1620082930
3.1620427477
3.1620501627
3.1620589597
3.1620878166
3.1621848608
3.1622263469
3.1622868339
3.1623512237
3.1624612383
3.1624677209
3.1625018883
3.1625020169
3.1625046458
3.1625365872
3.1626248226
3.1626414249
3.1626957734
3.1627719343
3.1627770074
3.1627996581
3.1628037077
3.1628305048
3.1628342643
3.1628596281
3.1628995492
3.1629010322
3.1629367878
3.1629748191
3.1630030123
3.1630739611
3.1630797535
3.1631426319
3.1631765248
3.1631818251
3.1631954152
3.1632154337
3.1632993527
3.1633019768
3.1634295554
3.1634395600
3.1634896750
3.1635039246
3.1636134282
3.1636261773
3.1636344110
3.1636344787
3.1637248499
3.1637265370
3.1637632749
3.1638252941
3.1638379416
3.1639019808
3.1639095482
3.1639163030
3.1639414262
3.1640410834
3.1641001172
3.1641017057
3.1641544762
3.1641749678
3.1641956237
3.1642649684
3.1642760757
3.1642771738
3.1643643867
3.1643752510
3.1643853351
3.1643964764
3.1644594741
3.1644847363
3.1645152657
3.1646381366
3.1646398761
3.1646681721
3.1647048172
3.1647168371
3.1647339295
3.1647870163
3.1648174746
3.1648287601
3.1648425237
3.1648559533
3.1648996731
3.1649323442
3.1649357782
3.1649503441
3.1649510707
3.1649702196
3.1649832104
3.1650574850
3.1651277132
3.1651308786
3.1651541740
3.1651716739
3.1652295738
3.1652545066
3.1653034137
3.1653446412
3.1653641910
3.1653922806
3.1654003265
3.1654148398
3.1655108741
3.1655840685
3.1656509022
3.1656637862
3.1656729827
3.1657023846
3.1657064479
3.1657078880
3.1657185598
3.1657309774
3.1657654604
3.1658607413
3.1659310291
3.1659357969
3.1659420405
3.1659547309
3.1659584147
3.1660009645
3.1660141431
3.1660556374
3.1660860266
3.1660869301
3.1661247426
3.1661421815
3.1661694546
3.1661750943
3.1662382419
3.1662428592
3.1662473916
3.1662589062
3.1662789035
3.1662893556
3.1663229427
3.1663444697
3.1663747060
3.1663950898
3.1664214627
3.1664426154
3.1665262669
3.1665552146
3.1665715267
3.1666289710
3.1666390467
3.1666552035
3.1666564741
3.1666577221
3.1667006113
3.1667438860
3.1667633511
3.1668071209
3.1668872765
3.1668967904
3.1669229909
3.1669309096
3.1669324313
3.1669652605
3.1670317996
3.1670383926
3.1670580174
3.1671225651
3.1671631265
3.1671767165
3.1672036258
3.1672258629
3.1672372051
3.1672557056
3.1673551364
3.1673606383
3.1673761797
3.1673982896
3.1674027228
3.1674157954
3.1674318093
3.1674354662
3.1674668024
3.1675219642
3.1675288315
3.1675393938
3.1675848933
3.1676191093
3.1676570486
3.1676857213
3.1677803775
3.1678435405
3.1679161304
3.1679969433
3.1680238038
3.1680807173
3.1680864178
3.1680972589
3.1681451219
3.1681759267
3.1681842353
3.1681935694
3.1682808969
3.1683481670
3.1683584472
3.1684036965
3.1684184113
3.1684238590
3.1684387721
3.1684474941
3.1684665000
3.1685152286
3.1685270261
3.1685290706
3.1685392673
3.1685577955
3.1685875329
3.1685927650
3.1686143573
3.1686192041
3.1686225865
3.1686651929
3.1686983271
3.1687262925
3.1687321961
3.1687363030
3.1687541771
3.1687874688
3.1688024650
3.1688226948
3.1688322119
3.1688724016
3.1688886579
3.1689596618
3.1689854108
3.1689931833
3.1690158172
3.1690480369
3.1690833338
3.1690836521
3.1690898991
3.1691390090
3.1691514807
3.1691660757
3.1691995584
3.1692381001
3.1692507854
3.1692715968
3.1692860983
3.1692931905
3.1693364659
3.1693400729
3.1693657186
3.1693907191
3.1693940164
3.1693972224
3.1694097201
3.1694433790
3.1694502855
3.1694600229
3.1694873477
3.1695538454
3.1695548416
3.1696005541
3.1696895526
3.1697176973
3.1697523584
3.1698410974
3.1699193420
3.1699286195
3.1699971654
3.1700028215
3.1700093090
3.1700881174
3.1700980214
3.1701025703
3.1701102034
3.1701232342
3.1702183816
3.1702436118
3.1702592521
3.1702858095
3.1703020977
3.1703838735
3.1704060698
3.1704090413
3.1705018590
3.1705410273
3.1705466601
3.1705742718
3.1705919394
3.1707146772
3.1707392351
3.1707657046
3.1707736076
3.1708047574
3.1708386807
3.1708501878
3.1708829990
3.1708904971
3.1709296051
3.1709466108
3.1710200464
3.1710205451
3.1711264243
3.1711367344
3.1711527821
3.1711679934
3.1712977924
3.1713351676
3.1713427360
3.1713744153
3.1714052620
3.1715009608
3.1715154517
3.1715412994
3.1715419280
3.1715873169
3.1716497943
3.1716554181
3.1716817714
3.1717061352
3.1717524789
3.1717591032
3.1717730062
3.1717793250
3.1718574665
3.1718769434
3.1718818459
3.1719124691
3.1719199654
3.1720331537
3.1720442068
3.1720518999
3.1720541155
3.1720740759
3.1721668183
3.1721805441
3.1722659071
3.1722706519
3.1723044487
3.1723152749
3.1723386215
3.1723390474
3.1723625738
3.1724165956
3.1724531884
3.1724822121
3.1724911239
3.1725178153
3.1725359524
3.1725554000
3.1725692284
3.1727499018
3.1727769395
3.1728010345
3.1728640294
3.1728819083
3.1729032128
3.1729079560
3.1729308484
3.1729315674
3.1729410323
3.1729851864
3.1729956294
3.1730002194
3.1730501165
3.1731512365
3.1731805805
3.1732462331
3.1732886851
3.1732902099
3.1732913920
3.1734041137
3.1734426443
3.1734737365
3.1735772622
3.1736405920
3.1736529435
3.1737075321
3.1737225854
3.1737323437
3.1737652105
3.1737937234
3.1738273142
3.1738312342
3.1738931888
3.1739533952
3.1739916972
3.1740393941
3.1740590435
3.1740672785
3.1740756147
3.1741365230
3.1741435675
3.1741737551
3.1741876076
3.1742215015
3.1743411490
3.1743620042
3.1743965531
3.1744575915
3.1745099785
3.1745121191
3.1745197525
3.1745222217
3.1745336188
3.1745821058
3.1745861638
3.1746053466
3.1746108640
3.1746746933
3.1746769903
3.1746997981
3.1747066442
3.1747222115
3.1747347641
3.1747626448
3.1747930423
3.1747989127
3.1748008076
3.1748903722
3.1749022964
3.1749122974
3.1749352473
3.1749451023
3.1749561110
3.1750276845
3.1750603347
3.1750726725
3.1751332330
3.1751399507
3.1751601526
3.1752463308
3.1752589460
3.1752863470
3.1752968634
3.1753338754
3.1753409918
3.1754058759
3.1754112396
3.1754156953
3.1754206214
3.1754674756
3.1754676511
3.1754977099
3.1755139125
3.1755314269
3.1755380240
3.1755609680
3.1755726087
3.1755938044
3.1756349135
3.1757109530
3.1757265587
3.1757508545
3.1757737006
3.1757742211
3.1757789286
3.1757812689
3.1757882184
3.1757966732
3.1758140913
3.1758946990
3.1758972289
3.1759011085
3.1759131576
3.1759362455
3.1759569067
3.1760214282
3.1760234807
3.1761400195
3.1761699134
3.1762085895
3.1762246734
3.1762264298
3.1762377233
3.1763468060
3.1764410213
3.1764529056
3.1765007069
3.1765427048
3.1765585025
3.1765755312
3.1765839075
3.1766566426
3.1767350803
3.1767538106
3.1767585617
3.1767624934
3.1767737626
3.1768076697
3.1768215485
3.1768255466
3.1768717863
3.1769451746
3.1769602160
3.1769717721
3.1769773004
3.1769993456
3.1770104980
3.1770255884
3.1770284246
3.1770913930
3.1771488093
3.1771677393
3.1772529472
3.1772899731
3.1773392832
3.1773403653
3.1774180441
3.1775759221
3.1775771120
3.1776513674
3.1776599204
3.1777055541
3.1777601579
3.1778271422
3.1778564157
3.1778832930
3.1779113420
3.1779294770
3.1779908591
3.1780665183
3.1780665830
3.1781117427
3.1781550873
3.1781975518
3.1782332234
3.1783101747
3.1783334069
3.1783351185
3.1783926022
3.1784982659
3.1785264923
3.1785934780
3.1787000752
3.1787603199
3.1787781677
3.1787923597
3.1787954283
3.1787957609
3.1788202499
3.1788324538
3.1788512193
3.1788528818
3.1789201011
3.1789379897
3.1789437152
3.1789691662
3.1789859835
3.1789918805
3.1789963120
3.1790127425
3.1790236181
3.1790730447
3.1791073859
3.1791774546
3.1791788220
3.1791882644
3.1792197760
3.1792245900
3.1792410129
3.1792538884
3.1792961761
3.1793619075
3.1793859243
3.1794217759
3.1794276020
3.1794283139
3.1794727518
3.1794894687
3.1795226134
3.1795308459
3.1795609593
3.1795665790
3.1795735753
3.1796141460
3.1796723428
3.1797311386
3.1797389244
3.1797989963
3.1798151374
3.1798335735
3.1799071172
3.1799086346
3.1799089975
3.1799173958
3.1799227278
3.1800094651
3.1801973609
3.1802154876
3.1802183122
3.1802349836
3.1802458706
3.1802952215
3.1803162092
3.1803349108
3.1803949012
3.1804439509
3.1805408071
3.1805525821
3.1805766532
3.1806329665
3.1806388942
3.1806482157
3.1806517633
3.1806602907
3.1806989920
3.1807460067
3.1807671591
3.1809113674
3.1809903324
3.1810084574
3.1810355069
3.1810770563
3.1810969247
3.1811199298
3.1811339027
3.1811420099
3.1811501576
3.1811597845
3.1811720182
3.1812012431
3.1812057185
3.1812508360
3.1812625213
3.1813778971
3.1813949768
3.1814066323
3.1815109432
3.1815325461
3.1815610409
3.1815849620
3.1815895422
3.1816275346
3.1816698607
3.1817917897
3.1818034353
3.1818732400
3.1819074487
3.1819127903
3.1819588902
3.1820061326
3.1820590574
3.1821112011
3.1821370350
3.1821522198
3.1821582317
3.1821706559
3.1821747292
3.1821855834
3.1821856179
3.1821905282
3.1821940778
3.1821984074
3.1822380412
3.1822859315
3.1822970644
3.1823354152
3.1823773689
3.1823895031
3.1824354156
3.1824500499
3.1824539624
3.1824858999
3.1825334087
3.1826428158
3.1826561534
3.1826616488
3.1826839554
3.1827016512
3.1827056840
3.1827072262
3.1827536346
3.1828015254
3.1828711786
3.1828787013
3.1828862864
3.1828966965
3.1828972751
3.1829102839
3.1829147498
3.1829632701
3.1829826313
3.1830360525
3.1830504851
3.1830530264
3.1830766874
3.1830817764
3.1830860273
3.1831114735
3.1831400641
3.1831952862
3.1832360675
3.1832486584
3.1832683378
3.1833704469
3.1834080002
3.1834227179
3.1834450086
3.1835068731
3.1835526425
3.1836893688
3.1836911417
3.1836935637
3.1837453519
3.1837697147
3.1837987646
3.1838483598
3.1838656312
3.1839074285
3.1840188481
3.1840268535
3.1841229918
3.1841416065
3.1841870155
3.1842171680
3.1842311581
3.1842668719
3.1842778211
3.1842785305
3.1844264388
3.1844279468
3.1845119825
3.1845171570
3.1845435634
3.1845618142
3.1846338797
3.1846646500
3.1847451593
3.1847516229
3.1847634457
3.1847716095
3.1848111223
3.1848119992
3.1849199972
3.1849368270
3.1850372951
3.1850416253
3.1850476608
3.1850729892
3.1851269864
3.1851690328
3.1851813231
3.1851951167
3.1852048090
3.1852105716
3.1852901570
3.1853510615
3.1853623607
3.1853736313
3.1853953695
3.1856000682
3.1856101367
3.1856219151
3.1856260866
3.1856484543
3.1857056266
3.1857157544
3.1857561912
3.1858022261
3.1858058537
3.1858078646
3.1858548717
3.1858821123
3.1858895842
3.1858958085
3.1859039417
3.1859231342
3.1859363997
3.1859425957
3.1859445106
3.1859745175
3.1859798942
3.1860943800
3.1861436391
3.1861486701
3.1861771924
3.1862456172
3.1862517681
3.1862738755
3.1862866896
3.1864192163
3.1865268284
3.1865430428
3.1865693827
3.1865765588
3.1865982727
3.1866244265
3.1866339446
3.1866581691
3.1866895788
3.1866927817
3.1866975156
3.1867105471
3.1867447219
3.1867459430
3.1867758661
3.1867807617
3.1867890994
3.1868475085
3.1869209343
3.1869236205
3.1869537103
3.1869643689
3.1869928271
3.1869936607
3.1870252140
3.1870441701
3.1871110706
3.1871113499
3.1871447721
3.1871646838
3.1872424595
3.1872504890
3.1873324603
3.1873376492
3.1873412968
3.1873874360
3.1873889727
3.1874145291
3.1874285939
3.1874411419
3.1875397133
3.1875406687
3.1876027954
3.1876123740
3.1876777815
3.1876909280
3.1876993542
3.1877706782
3.1878105874
3.1878771326
3.1879171379
3.1879533326
3.1879912263
3.1880233135
3.1880331219
3.1880348874
3.1880374895
3.1880422769
3.1880621137
3.1880670231
3.1880961153
3.1881073419
3.1881249411
3.1881547466
3.1881820509
3.1882169546
3.1882193222
3.1882352922
3.1884136616
3.1884272347
3.1885457664
3.1885762089
3.1886248461
3.1886959750
3.1887181045
3.1887504330
3.1887538705
3.1887727990
3.1887837087
3.1887863186
3.1888141563
3.1888214026
3.1888864029
3.1888991465
3.1889640080
3.1889991899
3.1890001496
3.1890757290
3.1890840700
3.1891118092
3.1891722874
3.1891871749
3.1892198463
3.1892244899
3.1892987220
3.1893429991
3.1893457030
3.1894299201
3.1894433564
3.1894875362
3.1894904774
3.1894935454
3.1895228899
3.1895482983
3.1895823867
3.1895990956
3.1895996661
3.1896494629
3.1897019204
3.1897114791
3.1897495949
3.1898295296
3.1898531808
3.1899084846
3.1899247975
3.1899296438
3.1899465817
3.1899557478
3.1899565252
3.1899652707
3.1899863907
3.1899947685
3.1900012147
3.1900037836
3.1900304104
3.1900350380
3.1900464981
3.1900706410
3.1900824255
3.1900824937
3.1900893996
3.1901790016
3.1901822757
3.1902318315
3.1902619683
3.1902627816
3.1903479320
3.1903835247
3.1904271913
3.1904358189
3.1904703450
3.1904794181
3.1904800731
3.1905374029
3.1905483261
3.1906146068
3.1906267846
3.1906562937
3.1906740076
3.1906828647
3.1906969663
3.1907220141
3.1907284977
3.1907615604
3.1907914399
3.1908236863
3.1908793712
3.1908839067
3.1909256767
3.1909457879
3.1909630447
3.1909653378
3.1909659257
3.1910137761
3.1910578681
3.1911247715
3.1911677353
3.1911884995
3.1911942793
3.1912098182
3.1912196213
3.1913104471
3.1913207573
3.1913339395
3.1913477273
3.1913860736
3.1914285446
3.1914614153
3.1915027471
3.1915054915
3.1915107041
3.1916094111
3.1916120822
3.1916127487
3.1916223805
3.1916537717
3.1916841700
3.1917236777
3.1917368782
3.1917987102
3.1918808649
3.1919051423
3.1919112352
3.1919240568
3.1919303928
3.1921295929
3.1921929695
3.1922108334
3.1922324963
3.1922693952
3.1922820143
3.1922831601
3.1923173962
3.1923397908
3.1923622962
3.1923719439
3.1923957086
3.1924038959
3.1924571494
3.1925732944
3.1925892794
3.1926117538
3.1926757054
3.1927005706
3.1927223023
3.1927703855
3.1928045108
3.1928613170
3.1929162238
3.1929293482
3.1929995492
3.1930223320
3.1930483757
3.1930547329
3.1930865004
3.1930901532
3.1930920860
3.1930945333
3.1931802011
3.1931874664
3.1932051400
3.1932239743
3.1932345364
3.1932696577
3.1932964506
3.1933202238
3.1933276828
3.1933313074
3.1933571593
3.1933997188
3.1934418105
3.1935093743
3.1935570718
3.1936386951
3.1937456635
3.1937734609
3.1937911493
3.1938293149
3.1938343892
3.1939309032
3.1939656863
3.1939795985
3.1940357919
3.1940607230
3.1940773513
3.1941242447
3.1941409455
3.1941433028
3.1941454254
3.1941575842
3.1941652104
3.1942860638
3.1942883814
3.1943133303
3.1943217124
3.1943252432
3.1943586961
3.1943679450
3.1943839092
3.1943962256
3.1944127315
3.1944430793
3.1945483756
3.1945560469
3.1946171750
3.1946679406
3.1947159959
3.1947385854
3.1947954867
3.1948728283
3.1948747694
3.1949818159
3.1951061954
3.1951239076
3.1951528236
3.1951531365
3.1951973232
3.1952152455
3.1952525896
3.1952781231
3.1952784476
3.1952927886
3.1953034146
3.1953157959
3.1953561563
3.1954981965
3.1955074095
3.1955970964
3.1956047980
3.1956477776
3.1956718726
3.1957228522
3.1957729126
3.1958572237
3.1959240508
3.1959317050
3.1960056760
3.1960296681
3.1960300982
3.1960870568
3.1960955652
3.1961786223
3.1961933977
3.1962079956
3.1962275458
3.1962309404
3.1962878235
3.1963414336
3.1963541291
3.1963542873
3.1963915177
3.1964275355
3.1964402259
3.1964864626
3.1964900336
3.1964993780
3.1965401798
3.1965956298
3.1965969113
3.1965990785
3.1966257407
3.1966377083
3.1966639385
3.1966664600
3.1966915300
3.1967138354
3.1967781980
3.1967854215
3.1967895432
3.1967959685
3.1968161272
3.1968832854
3.1969006004
3.1969041041
3.1969520583
3.1969644619
3.1970890593
3.1970936116
3.1971307849
3.1971447088
3.1971749634
3.1972504700
3.1972512031
3.1973053664
3.1974079834
3.1974343554
3.1974501490
3.1974799527
3.1975174701
3.1975456010
3.1975521976
3.1975828771
3.1976112794
3.1976223455
3.1977225784
3.1977670806
3.1977990923
3.1978063178
3.1978814177
3.1979136090
3.1979288224
3.1979694435
3.1980372050
3.1981105347
3.1981147881
3.1981555578
3.1982322947
3.1982463058
3.1982567600
3.1982794620
3.1982914670
3.1982935984
3.1982994348
3.1983762882
3.1983959703
3.1984397456
3.1985596933
3.1985665781
3.1986539963
3.1986695924
3.1986953098
3.1987170392
3.1987493977
3.1987517251
3.1987805894
3.1988078139
3.1988222622
3.1988642817
3.1988711757
3.1988974255
3.1989001779
3.1989465922
3.1989631665
3.1989793194
3.1989977993
3.1990062414
3.1990944848
3.1990963836
3.1991015768
3.1991504173
3.1991793987
3.1992727023
3.1993283058
3.1993461315
3.1993585506
3.1993757690
3.1994576936
3.1994713441
3.1994912201
3.1995254404
3.1995321337
3.1995321875
3.1995469272
3.1995914524
3.1996344665
3.1996389752
3.1996547455
3.1996900211
3.1997342505
3.1997617602
3.1997698364
3.1997880254
3.1997996569
3.1998873007
3.1999506358
3.2000092493
3.2000553329
3.2000740659
3.2001261767
3.2001421233
3.2001772380
3.2002076743
3.2002597395
3.2002800068
3.2002826450
3.2002973589
3.2003399935
3.2003426195
3.2003870594
3.2004081508
3.2004220339
3.2004392949
3.2004512366
3.2004919538
3.2004927907
3.2005153180
3.2005797884
3.2006030116
3.2007248910
3.2007535613
3.2007920558
3.2008446373
3.2008612354
3.2008761002
3.2009387690
3.2009727689
3.2009807920
3.2009931252
3.2009957964
3.2009985615
3.2010737199
3.2010789234
3.2011041982
3.2011195934
3.2011231299
3.2011296162
3.2011355968
3.2011420044
3.2011661796
3.2011704762
3.2011940436
3.2012157361
3.2012391787
3.2012586826
3.2012999207
3.2013260979
3.2013287126
3.2013770248
3.2014036462
3.2016144266
3.2016376726
3.2017645213
3.2017798812
3.2017956677
3.2018446093
3.2018511317
3.2018700855
3.2018818689
3.2020398863
3.2020823216
3.2020824940
3.2020917388
3.2022234738
3.2022426573
3.2022551549
3.2023021174
3.2025103878
3.2025143214
3.2025258118
3.2025640752
3.2026122044
3.2026194439
3.2026333497
3.2026837106
3.2027684692
3.2030614305
3.2030754007
3.2030774305
3.2030838012
3.2031432099
3.2032366791
3.2032435620
3.2032717892
3.2032765901
3.2033413255
3.2033669121
3.2033785046
3.2035060676
3.2035223699
3.2035245463
3.2035781823
3.2036030428
3.2036183226
3.2036969914
3.2037151554
3.2037716390
3.2037905799
3.2038070035
3.2038185290
3.2038641080
3.2038741401
3.2038759313
3.2038897849
3.2039589288
3.2040013959
3.2040658944
3.2040942779
3.2041291554
3.2041524680
3.2042172608
3.2042713384
3.2043085694
3.2043868481
3.2043904849
3.2044144865
3.2044249619
3.2044389744
3.2044484925
3.2045289209
3.2045717113
3.2046432122
3.2046714660
3.2047524292
3.2047620292
3.2048245028
3.2048718409
3.2048765468
3.2049053936
3.2049176022
3.2050562068
3.2050666293
3.2050708265
3.2050997102
3.2051012251
3.2051341153
3.2051827969
3.2051876906
3.2052396464
3.2052793058
3.2052902301
3.2053001736
3.2053788741
3.2053860619
3.2053956074
3.2054180554
3.2054382698
3.2054610560
3.2054841043
3.2054928874
3.2054942594
3.2055228463
3.2055453758
3.2056425296
3.2056557761
3.2057175561
3.2057442184
3.2057828611
3.2058388995
3.2059133665
3.2060210836
3.2060642678
3.2060840025
3.2060846341
3.2061161736
3.2061410265
3.2061457935
3.2061980789
3.2062233384
3.2062300706
3.2062353409
3.2062612742
3.2062883965
3.2062899424
3.2063216146
3.2063230945
3.2063552553
3.2063569794
3.2063952541
3.2064537497
3.2064768167
3.2065292347
3.2065336962
3.2065824744
3.2066506262
3.2066975958
3.2067036629
3.2067484134
3.2067548015
3.2067597180
3.2067627261
3.2067655806
3.2067884940
3.2068213372
3.2068525499
3.2068692860
3.2069056591
3.2069075709
3.2069274166
3.2069445113
3.2070023948
3.2070140533
3.2070476646
3.2070518181
3.2070520086
3.2070686701
3.2072424266
3.2072519342
3.2072983307
3.2073324124
3.2074004732
3.2074190003
3.2074626093
3.2074748246
3.2075010881
3.2075031761
3.2075576630
3.2075649508
3.2075835802
3.2075939088
3.2076112420
3.2076425229
3.2076834476
3.2077014987
3.2077066187
3.2077355702
3.2077746403
3.2079724921
3.2080769218
3.2080836744
3.2081198921
3.2081332041
3.2081941744
3.2081989008
3.2082324456
3.2083379884
3.2083574823
3.2083640928
3.2083677985
3.2084017600
3.2084217601
3.2084488054
3.2084840841
3.2084843618
3.2085077185
3.2085154343
3.2085322456
3.2085474151
3.2085703370
3.2086027919
3.2086067472
3.2086286931
3.2086292442
3.2086439931
3.2086583525
3.2086846307
3.2088189715
3.2088303998
3.2088464264
3.2088765953
3.2089096982
3.2089115760
3.2089498834
3.2089536215
3.2089974775
3.2090394523
3.2090552417
3.2090799489
3.2090811731
3.2091576835
3.2091584935
3.2091728147
3.2092008576
3.2092088858
3.2092572419
3.2092756558
3.2093067009
3.2093263138
3.2093291297
3.2093382749
3.2094392363
3.2094427928
3.2094485812
3.2095167295
3.2095316532
3.2095367347
3.2095373621
3.2096023580
3.2096603578
3.2096802600
3.2096873189
3.2096875326
3.2096941130
3.2097414164
3.2098085988
3.2098166648
3.2098188971
3.2098634089
3.2099402140
3.2099553673
3.2099889524
3.2100073470
3.2100781843
3.2100792526
3.2101054883
3.2101068638
3.2101407311
3.2101831201
3.2101994510
3.2102131283
3.2102265665
3.2103027881
3.2103143994
3.2103594649
3.2103983772
3.2104410104
3.2104486363
3.2104668437
3.2104717507
3.2104931191
3.2105254010
3.2106123857
3.2106268677
3.2106631056
3.2106753175
3.2106844394
3.2107089558
3.2107284024
3.2108054500
3.2108523114
3.2109151732
3.2109208098
3.2109734445
3.2109850112
3.2110045420
3.2110101985
3.2110149223
3.2110272846
3.2111297614
3.2111853240
3.2112517046
3.2112706196
3.2113075363
3.2113726779
3.2113744245
3.2113812768
3.2114333720
3.2114663014
3.2115068595
3.2116155739
3.2116692945
3.2117013969
3.2117295833
3.2117304128
3.2117629206
3.2117662189
3.2118383422
3.2118650688
3.2118659618
3.2118746869
3.2118808228
3.2119286806
3.2119521073
3.2119530033
3.2119798295
3.2120438674
3.2120784180
3.2120808872
3.2121056054
3.2121196233
3.2121652254
3.2121760130
3.2122085941
3.2122618886
3.2123231988
3.2123978047
3.2125067006
3.2125348648
3.2125644025
3.2126026848
3.2126265427
3.2127229947
3.2127751589
3.2127809485
3.2127863100
3.2128061258
3.2128429700
3.2129019326
3.2129329261
3.2129617934
3.2129646522
3.2129859975
3.2129954999
3.2130092959
3.2130327044
3.2130559671
3.2130607101
3.2131098724
3.2131163170
3.2131341383
3.2131411021
3.2131784617
3.2132191283
3.2132529723
3.2132661514
3.2132685096
3.2132782237
3.2132893481
3.2132927977
3.2133500749
3.2134042369
3.2134250313
3.2134371276
3.2134779424
3.2135284974
3.2135473832
3.2135914566
3.2135963588
3.2137595216
3.2138432218
3.2138542607
3.2139329696
3.2139398871
3.2139520012
3.2140345789
3.2140410382
3.2140611238
3.2140845737
3.2141171944
3.2141346355
3.2141513662
3.2141517769
3.2141732012
3.2141892988
3.2141913173
3.2142017529
3.2142292130
3.2142319917
3.2142806937
3.2143613328
3.2144216241
3.2144480546
3.2144682476
3.2144783785
3.2144899797
3.2145068844
3.2145178237
3.2145748257
3.2145807527
3.2146047632
3.2146167259
3.2146335101
3.2146420041
3.2146717582